5 0.44975017968750003 0.176193353125 0.42844821718750004 0.1461486796875 0.3928074546875 0.14531130625 0.3662781484375 0.1693081625 0.321274484375 0.3110477265625 0.312807071875 0.365013134375 0.3119115828125 0.4536246640625 0.318713740625 0.49317673281249996 0.345806584375 0.5381295578125 0.384526403125 0.5193431453125 0.4434211171875 0.39270204375 0.4615734515625 0.23555951875 0.44975017968750003 0.176193353125
5 0 0.9033322109374999 0.0425182296875 0.8855341343750001 0.09902314375 0.763760915625 0.11526871093749999 0.670586 0.1180257484375 0.6115623984375 0.10450193906250001 0.5423082171875 0.0757890609375 0.497317328125 0.0482484734375 0.49667026718749996 0.010459428125 0.53025064375 0 0.551555896875 0 0.9033322109374999
5 0.1500592 0.6664793640625 0.1040442578125 0.7835750109374999 0.0775502359375 0.9109773609375 0.078033265625 0.9700770890625 0.2124961328125 0.97323626875 0.2299139890625 0.9244051796875 0.242230225 0.8459100421875 0.2479053140625 0.747562746875 0.23515126875 0.6734026171874999 0.21299903437499998 0.6384139359375001 0.1500592 0.6664793640625
5 0.3180145453125 0.7048936625 0.272447346875 0.7776835453125 0.244861540625 0.8705920218750001 0.2286964796875 0.973616890625 0.35181910625 0.9765096328125 0.3653076328125 0.942358321875 0.380094171875 0.8688452546875001 0.380300403125 0.7949896265625 0.37086693125000003 0.7307555765625 0.3544250703125 0.7008250890625 0.3180145453125 0.7048936625
5 0.49006022812500005 0.7483280953125 0.46081910156249994 0.7377930171875 0.4414591921875 0.7471862234375 0.407840990625 0.7956366859374999 0.38086393749999997 0.8639393078125 0.35829924218750003 0.9766618828125001 0.395050946875 0.9775253562499999 0.5009447078125 0.972593275 0.5094102031250001 0.9358959203125 0.515085290625 0.8375486234375 0.5098226625 0.7881846625 0.49006022812500005 0.7483280953125
5 0.6619096156250001 0.668657125 0.634897278125 0.633554253125 0.6033468578125001 0.637737015625 0.5768980546875 0.6715838265625 0.553080565625 0.7301126203125 0.5287348265625 0.8230972203125001 0.5111912484375 0.9556338906249999 0.5129397046874999 0.9720346 0.6340734234375 0.9663927062500001 0.6580508578125001 0.8901478859375 0.67036709375 0.811652746875 0.6728021140625 0.713229325 0.6619096156250001 0.668657125
5 0.874617175 0.732743025 0.881303540625 0.6590396468749999 0.8690777453124999 0.5504237078124999 0.852027128125 0.5450990765625 0.8113200359375 0.61800314375 0.7824009296875001 0.6468678859375 0.7419805703125 0.6557662828125 0.72172516875 0.7537710171875001 0.7190486359375 0.8226445734375 0.7311134234375001 0.911560603125 0.75326565625 0.9465492859375001 0.7791862093749999 0.9471582859375 0.8137351859375 0.913501784375 0.85906086875 0.8111620390625 0.874617175 0.732743025
5 0.7705523078125001 0.2871351984375 0.7759406624999999 0.2527935765625 0.7706780328125 0.203429615625 0.75415566875 0.163649171875 0.6857469765624999 0.2162062703125 0.647590690625 0.3039423671875 0.6329651593750001 0.39715534375 0.6326784265625001 0.461161015625 0.6420313921874999 0.515545109375 0.661713321875 0.5455517234375 0.6876338750000001 0.5461607203125001 0.7204823124999999 0.5026162046875 0.7419552203124999 0.3553997578125 0.7705523078125001 0.2871351984375
5 0.8833007515625001 0.407960959375 0.8865055359375 0.3046315921875 0.8736709843750001 0.2206215078125 0.8589296640624999 0.2005790375 0.8265289734374999 0.1998177921875 0.7951395609375 0.2237004609375 0.7759406624999999 0.2527935765625 0.7466543140625 0.33581403593750003 0.72040180625 0.49276625 0.72027608125 0.5764718328125 0.758180915625 0.6561469046874999 0.8097805062500001 0.6278150375 0.84963733125 0.5499669609375 0.871673775 0.4717001953125 0.8833007515625001 0.407960959375
5 0.5007747921875 0 0.49005475 0.0540395109375 0.47469473906250004 0.255563925 0.46683607968749996 0.28492347812499996 0.48287541562499997 0.2656041921875 0.504338390625 0.3153487765625 0.5462177734375 0.28678853593750003 0.5853853390625 0.22369635781250002 0.633629071875 0.08203291874999999 0.6452061812500001 0 0.5007747921875 0
5 0.1712034375 0 0.1455509234375 0.1148819046875 0.141943615625 0.16896150000000001 0.15105506875000002 0.193795728125 0.181065959375 0.199424859375 0.20969833124999998 0.23456579375 0.243638553125 0.22551514843749998 0.2757172234375 0.1868765796875 0.3162633078125 0.0942726015625 0.334979178125 0.00607975625 0.3513405328125 0.026160290625 0.3627176 0 0.1712034375 0
5 0.033495870312499995 0 0.0090202765625 0.15599042968750002 0.0092617921875 0.1855402921875 0.025175401562499998 0.24992659062499997 0.049717434375 0.280047390625 0.0860474546875 0.2661288625 0.122825221875 0.20790456875 0.1588784421875 0.061030684375 0.16592840625 0 0.033495870312499995 0
5 0.159155240625 0.193986040625 0.1403235796875 0.1689234375 0.10208679062499999 0.24680957656250002 0.037687932812500005 0.2945368546875 0.0182828015625 0.3974855984375 0.024028460937500003 0.5059492875 0.078259365625 0.5022993984374999 0.10859227812500001 0.5473283484375 0.1458177890625 0.444798290625 0.16214385781250001 0.3614733328125 0.16704918124999998 0.2680319828125 0.159155240625 0.193986040625
5 0.361624275 0.09533834687500001 0.3380935203125 0.089861465625 0.31833108593750004 0.0500048984375 0.2804163171875 0.16729085625 0.252427984375 0.210949559375 0.2209580671875 0.22498227656249997 0.21374345 0.333141465625 0.22556672187500001 0.39250762968749997 0.246018415625 0.41760829531250004 0.2878978 0.38904805468750003 0.321354990625 0.32089768125 0.3473207625 0.2279511421875 0.361624275 0.09533834687500001
5 0.47192776406250003 0.511548559375 0.46119627812499997 0.48667626718749996 0.41830561250000003 0.4905925921875 0.3870772125 0.5341751718750001 0.358480125 0.6024397312499999 0.3446243578125 0.6907467609375 0.373417740625 0.7455876046875 0.3799331640625 0.8491453468750001 0.4406894265625 0.7520921703125001 0.473779378125 0.7380975171874999 0.4600140515625 0.6392934718750001 0.47192776406250003 0.511548559375
5 0.23920632187500002 0.575017259375 0.2499830296875 0.5063340109375 0.24524865 0.4225142421875 0.2172250328125 0.362767453125 0.19778461875 0.3623107046875 0.1696352765625 0.3862695 0.1481270828125 0.430080453125 0.12285057031249999 0.5082710921875 0.1120738625 0.5769543390625 0.1157969609375 0.6361301921875 0.107732071875 0.739345371875 0.1190723140625 0.739611809375 0.15252950625 0.6714614359375 0.22109920624999999 0.6386042468750001 0.23920632187500002 0.575017259375
5 0.619476634375 0.43130665468749996 0.596152109375 0.35197414375 0.5548009765625 0.34607857656249996 0.5266516343750001 0.3700373703125 0.4814869625 0.4920770265625 0.4674701859375 0.5606841453125 0.46086432187500004 0.6442374796875 0.47122856874999997 0.723265490625 0.4950008375 0.7582922359375 0.518451084375 0.7539191656249999 0.55291955625 0.7104127078125 0.5917651015625001 0.6079207140625 0.619476634375 0.43130665468749996
5 0.6578592921874999 0 0.6477616359375 0.1266812453125 0.674326228125 0.2060898796875 0.70911671875 0.20198324531249998 0.7428154265625 0.1633827359375 0.7729520421875 0.085306284375 0.7930812390625 0 0.6578592921874999 0