5 0.483149659375 0.7497314109375 0.4586819390625 0.5959235453125 0.395054459375 0.4817281453125 0.3558742390625 0.47139770312499996 0.3308482359375 0.52251389375 0.3257272890625 0.5637333640625 0.33025926562499996 0.6525235921875 0.3408774859375 0.7048514296875 0.39134673124999997 0.837271634375 0.41864895156250004 0.8555220109375 0.453968 0.846824146875 0.47386282343749997 0.811955971875 0.483149659375 0.7497314109375
5 0 0.5132723921875 0.0235541046875 0.553236690625 0.0624193796875 0.5786290765625 0.089711371875 0.571908 0.11634278437500001 0.52039645 0.12690985625 0.44786702343749996 0.12174798906249999 0.3892006796875 0.1018020171875 0.2992115921875 0.040745240625 0.18937790937500001 0 0.1813056984375 0 0.5132723921875
5 0.25015020312499997 0.282657728125 0.24047681875000002 0.185144059375 0.2250321359375 0.1090308421875 0.20574674062499998 0.06383222499999999 0.0724976046875 0.0966468921875 0.0744486484375 0.15610395 0.105967903125 0.27820649999999997 0.15642691875 0.38565525 0.22001348125 0.3999648390625 0.240548425 0.3599442296875 0.25015020312499997 0.282657728125
5 0.37952793906250004 0.205843303125 0.376286428125 0.1317196609375 0.358596215625 0.0611542328125 0.3438121125 0.029831487499999997 0.22180085468750002 0.059878651562499996 0.24207200156250003 0.15977725 0.2732558515625 0.24699883749999998 0.321448878125 0.3100524734375 0.35773321875 0.30611168593750004 0.372811809375 0.27242958281249996 0.37952793906250004 0.205843303125
5 0.4421594390625 0.24036726874999997 0.46174954843749993 0.2455324890625 0.49032177812500005 0.228506546875 0.508286015625 0.18412421875 0.5114763796874999 0.1333905984375 0.5018029937499999 0.035876929687499996 0.49408664062499996 0.008624314062500001 0.43417375312499995 0.007578531249999999 0.3502337546875 0.0282500578125 0.3772517203125 0.1364767359375 0.40681993125 0.199122225 0.4421594390625 0.24036726874999997
5 0.579615378125 0.28643332187500004 0.607242775 0.3145932078125 0.63871088125 0.3118384953125 0.6640620578124999 0.2706318125 0.6730339484375001 0.223469196875 0.6665713859375 0.1251648140625 0.6511267015625 0.0490515953125 0.6368003843750001 0.0111153921875 0.5031906609375 0.008783225 0.5027580578124999 0.0156625546875 0.5256101359375001 0.144894325 0.5535831640625 0.2329066265625 0.579615378125 0.28643332187500004
5 0.784478134375 0.2659514578125 0.814351059375 0.28856355312500004 0.8577278515625 0.3528032625 0.8744220828125 0.343697253125 0.8820830468749999 0.23192514375 0.8724198921875 0.1593829296875 0.8537643859375 0.0840604265625 0.8167729890625001 0.014256825 0.7226139500000001 0.0126132734375 0.71440855 0.10339458125 0.7198955890625001 0.1719704328125 0.7440176765625 0.2659258828125 0.784478134375 0.2659514578125
5 0.787517225 0.6298230265625 0.756343603125 0.5675728921875 0.728990234375 0.4244652515625 0.6946160203125 0.387977284375 0.6689294390625 0.394303003125 0.6506400265625001 0.4287758234375 0.643598721875 0.48545259218750003 0.646515059375 0.549666725 0.6648556203125 0.6400511718749999 0.7063120578125 0.7197481812500001 0.77633049375 0.7574477953125001 0.791083909375 0.7138561812499999 0.7942742734375 0.663122559375 0.787517225 0.6298230265625
5 0.9018163703125 0.5866907046875001 0.894388515625 0.4836292484375 0.8802343 0.42218261718749994 0.8551571484375 0.3484415421875 0.8124204734375 0.2790494015625 0.760071790625 0.261972309375 0.7257487234375 0.3503416078125 0.7293154093750001 0.43437476249999996 0.7618101859374999 0.5862058390625 0.7942742734375 0.663122559375 0.8145147312500001 0.6881068015625 0.8466331859375 0.705171103125 0.8787414124999999 0.69726395625 0.892539765625 0.6738867203125001 0.9018163703125 0.5866907046875001
5 0.541848565625 1 0.6787971859375 0.966274278125 0.6601314515625 0.8659803203124999 0.606451384375 0.7343508328125 0.565005175 0.679625275 0.5222889609375 0.6601760421875 0.5030444828125 0.7148632359375 0.486340021875 0.698997790625 0.495342603125 0.7267495328125 0.5188654875 0.9257432281250001 0.537257040625 1 0.541848565625 1
5 0.3648852125 1 0.3448204921875 0.9236513578125001 0.30079335 0.8395926296875 0.2673844296875 0.807861740625 0.23334561874999998 0.8062547359375 0.20638903125 0.8478567765625 0.1768515078125 0.86012564375 0.1688346828125 0.8870738828125001 0.17463666875 0.94058779375 0.1909740546875 1 0.3648852125 1
5 0.19138678125 1 0.190071121875 0.9917295578124999 0.14826904999999999 0.8521801343750001 0.1093935453125 0.801816296875 0.0727840296875 0.7958475734375 0.0496783828125 0.831506465625 0.0365406078125 0.899674171875 0.03751613125 0.9294027015624999 0.0518415375 1 0.19138678125 1
5 0.1809560171875 0.689291834375 0.1613352203125 0.6092122546875001 0.1201937265625 0.514453303125 0.0919569 0.566360209375 0.0380130359375 0.574649928125 0.0367737171875 0.6848406078125 0.060255685937500005 0.783948490625 0.1260980078125 0.8176817421875 0.16722927031249998 0.887469240625 0.184878565625 0.8581488578125 0.189664109375 0.7820484249999999 0.1809560171875 0.689291834375
5 0.37013075 0.782558865625 0.3405523125 0.694941921875 0.30456245625 0.6338778578125 0.2618462390625 0.6144286218749999 0.24259153437499997 0.6441443640625 0.2333047015625 0.7063689234375 0.24490867187499998 0.81339674375 0.2767019515625 0.8205515390624999 0.306259934375 0.858225578125 0.3486918921875 0.9676511171875 0.36665613124999996 0.9232687875 0.3897720078125 0.9125813484374999 0.37013075 0.782558865625
5 0.4745928390625 0.24236963125000002 0.441194146875 0.2356101921875 0.3769367765625 0.151538678125 0.3747321640625 0.25697227968749997 0.3484259265625 0.3183933390625 0.36580119375 0.4040207109375 0.39697481562500003 0.46627084375 0.42974361875 0.5031541671875 0.4724496046875 0.49763195 0.482071840625 0.47028835312500006 0.46500128749999997 0.3446275859375 0.4745928390625 0.24236963125000002
5 0.2621304953125 0.524452321875 0.2486163984375 0.45785325468750004 0.2280405375 0.3979880515625 0.1586724484375 0.380107459375 0.1226825953125 0.319043396875 0.111444715625 0.3218108984375 0.12368880468750001 0.4236862859375 0.12242902656250002 0.48393405781250004 0.13594312343749998 0.5505331250000001 0.16423109687499998 0.6234834828125 0.18736743281249998 0.6627389499999999 0.216275065625 0.680593971875 0.23554 0.67584968125 0.260880946875 0.609671546875 0.2621304953125 0.524452321875
5 0.5969804171875001 0.347089240625 0.5542335140625 0.2527256453125 0.5182538875 0.2166330359375 0.49481283749999994 0.217410965625 0.47267248281249996 0.25782693125 0.46564140781249996 0.33947515156249997 0.4756297390625 0.421926878125 0.49235465781250004 0.48773522812500003 0.5421735562500001 0.6003364109375 0.5710811875 0.61819143125 0.6118565890625 0.6031550609375 0.631730953125 0.5183439796875 0.5969804171875001 0.347089240625
5 0.6900350656249999 0.9635067749999999 0.826495025 0.92990139375 0.798196821875 0.83197958125 0.765092615625 0.760215296875 0.73007828125 0.7288797625 0.6953993515625 0.7324251937499999 0.6723141640625 0.8180269906250001 0.6900350656249999 0.9635067749999999