5 0.5166959015625 0.5625346875 0.5477144546875 0.5875283953125 0.5907828640624999 0.5493159375000001 0.6119901249999999 0.51262236875 0.643697934375 0.4275053265625 0.6552485328125 0.374239509375 0.6632881703125 0.230232334375 0.6461264984375 0.2024414890625 0.6109077265625 0.196817171875 0.5789937484375 0.221780840625 0.5455820015625 0.2765655453125 0.50557684375 0.4304980453125 0.5166959015625 0.5625346875
5 0.7719079875 1 0.8119391203124999 0.9653966625000001 0.8516511937500001 0.8815578765625001 0.8653534453124999 0.833645709375 0.8667996703125 0.7887863312500001 0.8845990562500001 0.6914280890625 0.87909106875 0.6404481125 0.8544243874999999 0.601438665625 0.8272098828125 0.5970926015625 0.7825406203124999 0.6350494078125 0.743827059375 0.699007503125 0.724822990625 0.756093065625 0.7064728078125 0.848353309375 0.7170410671874999 0.975291953125 0.7521109296875 1 0.7719079875 1
5 0.670767240625 1 0.67337031875 0.99336806875 0.6942683234375 0.8664444437500001 0.692255128125 0.7458820515625 0.6409247406249999 0.707624540625 0.6063598531250001 0.73717490625 0.5665962390625 0.8059753484375 0.535990028125 0.901288384375 0.5191891546875 0.9787659359375 0.518808559375 1 0.670767240625 1
5 0.507959421875 1 0.524336340625 0.924477515625 0.5314805515625001 0.8304277156250001 0.513613453125 0.75242384375 0.4794447375 0.7419571781250001 0.45233331874999994 0.7676878 0.41947237031249995 0.8275705015625 0.39251558124999997 0.8984161515625001 0.37996646875 0.9715626593750001 0.3804951078125 1 0.507959421875 1
5 0.3752029546875 1 0.393565634375 0.8935738046875 0.392257865625 0.8232244390625001 0.3771447609375 0.7707105546874999 0.361635484375 0.758213703125 0.3291191640625 0.76304103125 0.29510507656249996 0.79768939375 0.27179770625 0.8440676593750001 0.2411914953125 0.9393806937500001 0.234942709375 0.9834731187499999 0.3384319609375 1 0.3752029546875 1
5 0.229453925 0.6268839390625 0.19008647812499999 0.6556673515625 0.16302660156249998 0.6964363171875 0.129218684375 0.79123805 0.1124178125 0.868715603125 0.10687445468750001 0.9630210546875 0.22053503281250003 0.9811722609375 0.23218871718749998 0.957983128125 0.2637418984375 0.8277510609375 0.2740878140625 0.7342125625 0.272280790625 0.673803540625 0.25882008125 0.636583653125 0.229453925 0.6268839390625
5 0 0.9042626671875 0.032977493749999996 0.8760694015625001 0.0774921265625 0.7929975687499999 0.1001971578125 0.726482965625 0.1163956875 0.6288690734375 0.08007531875 0.613048759375 0.06236284843749999 0.5801599140625 0.0492983109375 0.5029229953125001 0.0306388703125 0.5049531828125 0 0.565107740625 0 0.9042626671875
5 0.19377126718749998 0.4859145390625 0.2099344296875 0.533586075 0.23554808125 0.5376764875 0.2658612046875 0.512457165625 0.295021190625 0.46200350781250005 0.31827701875000003 0.4005869015625 0.3382280546875 0.30858230781249996 0.3331162390625 0.21758529843750002 0.2854352703125 0.1548604015625 0.254622890625 0.1900200671875 0.2313155171875 0.23639833124999998 0.22396513750000002 0.2702947609375 0.22687375781250002 0.340899778125 0.19377126718749998 0.4859145390625
5 0.0570448609375 0.4290095359375 0.0498491078125 0.50802099375 0.0602627390625 0.5898446093749999 0.1003871546875 0.6263125656249999 0.166814478125 0.5567601875 0.19747223125 0.47648549375 0.229473121875 0.3212747375 0.2313155171875 0.23639833124999998 0.2232081671875 0.205043390625 0.20124393437500002 0.17648559375 0.1692268703125 0.1713725765625 0.14741726718749998 0.1879298046875 0.10395268906249999 0.2661592921875 0.06909471874999999 0.3658033734375 0.0570448609375 0.4290095359375
5 0.47435212031249996 0.34535096875 0.5136680250000001 0.3015292140625 0.5222746328125 0.3229438078125 0.5253732515625 0.293378425 0.584434021875 0.097398703125 0.5980331859375 0.01940985 0.5349634062499999 0.0093378203125 0.45458796250000005 0.0079348625 0.43350610625 0.098346215625 0.42866817656249995 0.2428646921875 0.443832825 0.31041691875 0.47435212031249996 0.34535096875
5 0.7627472390625 0.30623605781249996 0.7926641953125 0.321033765625 0.83363249375 0.2925060046875 0.8650987593749999 0.292521021875 0.8831558562499999 0.27035449375 0.8995090171875001 0.2178556296875 0.9177561140625 0.0955187 0.9342123625 0.0730965203125 0.766122775 0.046253184375 0.7288554359375 0.06535190468749999 0.730559375 0.095684240625 0.7539698328125 0.0793826609375 0.739871409375 0.1673118609375 0.745534025 0.2634068671875 0.7627472390625 0.30623605781249996
5 0.8875622468750001 0.3111384765625 0.902176096875 0.3735927046875 0.93264385 0.3934884140625 0.9677595359375 0.3690360453125 0.9740763296875 0.35956671875 0.9950475703125001 0.082811696875 0.9358132124999999 0.07335217031249999 0.9262596390625 0.086856609375 0.9062570578125 0.16382285937500002 0.8875622468750001 0.3111384765625
5 0.77668800625 0.6391248015625 0.8229581203125 0.601423646875 0.8747362234375 0.614702471875 0.9202493671875001 0.5117499484375 0.93909880625 0.40954935781249996 0.8935694890624999 0.352178109375 0.8847567109375 0.2706101453125 0.85709449375 0.29124276718750003 0.8221334375 0.3608101640625 0.79257728125 0.451280853125 0.7779280609375 0.534112053125 0.77668800625 0.6391248015625
5 0.6592587515624999 0.4550405234375 0.6897780499999999 0.4899745734375 0.71904111875 0.46959760156249997 0.752452865625 0.414812896875 0.785159184375 0.30981516875000004 0.7594939921875 0.2906864109375 0.7481333890624999 0.24378182812500002 0.7541244609375 0.1244976890625 0.7201103734375 0.1591460546875 0.6950475203125001 0.1601536390625 0.6602926359375 0.28987440468750003 0.6515475703125 0.3836685546875 0.6592587515624999 0.4550405234375
5 0.3999175046875 0.8795580656249999 0.44438059531249996 0.7814478890625 0.4927508171875 0.734062040625 0.5116518 0.6468997937500001 0.508743178125 0.5762947765625 0.494180871875 0.5288788906249999 0.45360874375 0.5173896234375001 0.4339507921875 0.5393005015625 0.3986451078125 0.6639232703125 0.3488286578125 0.7561684953125 0.3760947046875 0.775552903125 0.3999175046875 0.8795580656249999
5 0.6329204749999999 0.7063462875 0.68800336875 0.750213096875 0.6957145484375 0.821585065625 0.7069205203125 0.823374621875 0.7369759328125001 0.7229635890624999 0.7623834125 0.6669006296875 0.7770841765625 0.599107771875 0.7810782234375 0.5195850140625 0.776121034375 0.4737030328125 0.7573585109375001 0.44565653593750004 0.738148271875 0.44258872499999996 0.6887279937499999 0.49481692187500004 0.6532676828125 0.5743246609375 0.6385669187499999 0.6421175203125 0.6329204749999999 0.7063462875
5 0.2992537515625 0.7632816640625 0.32061564374999996 0.7717031203125 0.35678138125 0.74240840625 0.39599419999999996 0.6685099671875 0.42024853906250004 0.58721266875 0.43174759687500003 0.5189085109375 0.432385309375 0.393759421875 0.41362278437500005 0.365712925 0.3709505453125 0.36390835 0.318930903125 0.43576158437499996 0.28112893906249997 0.6100860765625 0.2814897390625 0.715354475 0.2992537515625 0.7632816640625
5 0.348023175 0.2099458109375 0.403244525 0.13860387968750001 0.4422029875 0.00771868125 0.3055223125 0.0053329125 0.29583273125 0.07636024687500001 0.29664124375 0.1566499578125 0.3154553109375 0.1997347984375 0.348023175 0.2099458109375