8 0.277735840625 0.245910253125 0.259918246875 0.24777307343750002 0.22358285625000002 0.26645297343749996 0.177327271875 0.307664875 0.15064967812500002 0.35675060625 0.13005567812500002 0.4415762046875 0.1281594703125 0.5294073046875 0.1500134609375 0.5833397828125 0.16984925 0.6093746109375 0.19460623906250002 0.6249742281249999 0.248783621875 0.6275772578125001 0.28734620781250003 0.60866450625 0.327955996875 0.5696963203125 0.3663919875 0.5061536515625 0.3815445859375 0.46654010156250003 0.3886685859375 0.4327262890625 0.388750990625 0.359965871875 0.3773327984375 0.3198233875 0.366094603125 0.2995034828125 0.35055761093750004 0.27632611875 0.3249204234375 0.255858175 0.277735840625 0.245910253125
8 0.429931678125 0 0.4299772046875 0.00016392500000000001 0.45038199375000004 0.037713415625 0.47985118125000004 0.0710083265625 0.5221145640625 0.091391459375 0.55982135 0.09075613125000001 0.61962013125 0.067969696875 0.653003721875 0.041331154687499996 0.6821518796875 0 0.429931678125 0
8 0.162690325 0 0.09053832656250001 0.007543459375 0.0977309140625 0.11426573124999999 0.10811330781249999 0.1528630578125 0.1222255015625 0.1828031859375 0.1419834921875 0.210499596875 0.16873428125 0.230851115625 0.1959518703125 0.24123312968750002 0.22816845937500002 0.2395183484375 0.2641926453125 0.2274847859375 0.301797234375 0.2053652921875 0.34295162343749996 0.15476601875 0.3589844203125 0.12002079531250001 0.37134081874999997 0.0691254375 0.376249621875 0 0.162690325 0
8 0 0.4543699890625 0.028849315625 0.425702084375 0.0572873078125 0.38635300156249996 0.0764031046875 0.33309750312499997 0.0846209125 0.20492267968750003 0.07967531718750001 0.1922121390625 0.0607441234375 0.1941913875 0.052535526562500004 0.180168540625 0.05652772968749999 0.11857350625 0.046407740625 0.027038342187499998 0.0482215421875 0.011967660937500001 0 0.0170092015625 0 0.4543699890625
8 0 0.677853375 0.009461903125 0.6740930875 0.030129096875 0.6587047421875 0.07612688437500001 0.599331840625 0.110730878125 0.5229622078125 0.1273372796875 0.4286328109375 0.10087329375000001 0.37848920625 0.08225790468750001 0.30272328437499996 0.06736310625 0.3604978296875 0.040763312499999996 0.407921978125 0 0.44752200625 0 0.677853375
8 0.10637867812499999 0.5449120765625 0.0905014828125 0.57633413125 0.04077389375 0.6443642328125 0.037044095312500004 0.65302143125 0.0384154921875 0.671066003125 0.052318682812499996 0.7291366312500001 0.08331486875 0.777152946875 0.11459785468749999 0.7953771765625001 0.154376240625 0.7978321625 0.1768816328125 0.7905188843750001 0.198015628125 0.7651610328125 0.2208322203125 0.7512014171875 0.23266841875000002 0.7350828984375 0.23321301874999997 0.7234518109375 0.192063234375 0.7029522515625 0.16236064687500001 0.6746420921875 0.1255386671875 0.6090469109375001 0.1138870734375 0.5738891781250001 0.110755275 0.54610795625 0.10637867812499999 0.5449120765625
8 0.7862517046875 0 0.8183076609375 0.037276303125 0.8604932453125 0.059321018749999996 0.9114854265625001 0.0589501578125 0.9374094187500001 0.04962601875 0.9793662078125 0.0055566515625 0.9796263859375 0 0.7862517046875 0
8 0.6782983312499999 0 0.639095925 0.054359359375000006 0.6436769203125 0.09852356875 0.6392667125 0.21637960937499998 0.6613541 0.2653273359375 0.6928170875 0.3033741453125 0.7231420749999999 0.31839163125000003 0.7816182546875 0.3238521234375 0.8022076468750001 0.3101253609375 0.8591858312499999 0.252911365625 0.8842052234375 0.2155731484375 0.9034766218750001 0.158994478125 0.9080668265625 0.0609610234375 0.8628760453125001 0.05576499687499999 0.8358140562499999 0.042059815625000004 0.8010324953125 0 0.6782983312499999 0
8 0.74072626875 0.32151356249999996 0.7235798703125 0.3563752109375 0.68695768125 0.40484719687500004 0.6781510828124999 0.427262775 0.67721748125 0.44720178125 0.6833544765624999 0.45813431250000003 0.6842590765625001 0.4861483875 0.6953416703124999 0.5097914593749999 0.704975065625 0.517051540625 0.7065020625 0.5317729453125 0.7629310406250001 0.557288871875 0.8060502250000001 0.5593945812500001 0.8417632140625001 0.554007353125 0.8718060046874999 0.5277180921875 0.898974796875 0.4918086046875 0.9314293906250001 0.41401023906249995 0.961943590625 0.306652640625 0.962643790625 0.2916983828125 0.9236190078125001 0.24948180625 0.8953946203125 0.18960155 0.870141828125 0.2319245203125 0.7933766515625 0.3093951875 0.74072626875 0.32151356249999996
8 0.6113199171875 0.2689049359375 0.5921263203125 0.323822021875 0.5543905296875 0.3724104328125 0.5148699421875 0.38811644218749997 0.41941157812499996 0.39148277187499997 0.43196776875 0.45465458124999997 0.45213915625 0.497188821875 0.4699811484375 0.51847175 0.49784553750000005 0.538706840625 0.523147128125 0.5426753718749999 0.5710319125 0.5376690390625 0.6095944984375 0.5187562875 0.6467078890625 0.4834605484375 0.6791868828125 0.42880793281249996 0.704493078125 0.361677628125 0.7111258796875 0.31468756875000004 0.668838096875 0.2711586875 0.65042710625 0.23836109687499998 0.6418051109375 0.209500421875 0.6348901140625001 0.2151837328125 0.6232339140625001 0.25112483281250003 0.6113199171875 0.2689049359375
8 0.41248736875 0.5393637499999999 0.3964011703125 0.5989163078125 0.39681456875 0.6137541375 0.416261359375 0.6480968859375 0.443089946875 0.6667868203125 0.475719934375 0.67990986875 0.5057093234375001 0.6784279421875 0.5464213124999999 0.6609439218750001 0.5813075000000001 0.6258810359375 0.6083740953125 0.56848738125 0.6199280953125 0.5110621125 0.5644281140625 0.5367060140625 0.5089815328125 0.537542578125 0.47850094531250004 0.525848259375 0.44090096250000005 0.47686892031249994 0.42777116875 0.4732812828125 0.41792877031250003 0.4941517015625 0.41248736875 0.5393637499999999
8 0.39505416875 0.6040174859375 0.3756805734375 0.6391119890625 0.34294378281250004 0.6756036062499999 0.2868992 0.7128785953125 0.28366060000000004 0.7347120375 0.2893795921875 0.8019055734375 0.3072459828125 0.84633425 0.34645076406249997 0.9083734109374999 0.3778115515625 0.92493605625 0.387833946875 0.9238882187499999 0.39474894531250004 0.9182049093750001 0.44366952812499993 0.9147437343749999 0.46863551875000004 0.9022128515625001 0.480393915625 0.8877559140625 0.5061669140625 0.8106561062500001 0.51907251875 0.6770308265625 0.4770669359375 0.674808690625 0.446664146875 0.6614527890625 0.42333195625000003 0.6390904078124999 0.4016579671875 0.6049805125 0.39505416875 0.6040174859375
8 0.516738515625 0.7268783453125 0.5257495109375 0.7474311015625 0.5479681015625 0.769909909375 0.5729584921875001 0.7805247750000001 0.6137726765625 0.7845249203125 0.6466116656249999 0.7695174687499999 0.672122259375 0.745355496875 0.6853054546874999 0.7241357984375 0.6877416578125 0.6957724437499999 0.6994756546875001 0.6581697578125 0.6477344781250001 0.6272033734375 0.61124809375 0.57810760625 0.597418096875 0.589474228125 0.5650947046875 0.640803675 0.5189947187499999 0.678692409375 0.516738515625 0.7268783453125
8 0.6576638859374999 0.46247370156249995 0.638290290625 0.49756820468749996 0.6247714953125 0.5022884890625 0.617545296875 0.5146181359375 0.6052910953125 0.5869976578125 0.644082478125 0.6341989890625 0.6898422609375 0.6509096765625 0.7164908515625 0.6497770265625 0.7456778421875 0.6417651890625 0.764117834375 0.6266096953125 0.793825028125 0.5838210203124999 0.7981772281249999 0.5618711484375 0.7918846312500001 0.5542617875 0.7491544453125 0.5438481578125 0.7246308578125 0.5232637890625 0.7019210671875 0.487608734375 0.6885090765624999 0.44271435156249994 0.6811806812500001 0.43355983125 0.6576638859374999 0.46247370156249995
8 0.823216415625 0.6187775140625 0.812109421875 0.5719886953125 0.7942140281250001 0.5755131 0.7494854390625 0.63144640625 0.6887286609375 0.6510261015625 0.6760900640624999 0.6606147109375 0.6699774640625 0.67282793125 0.6693794625 0.7092663531250001 0.6850186546875 0.753927884375 0.7066148437499999 0.7896993625000001 0.751985625 0.8147179687499999 0.8052828046875 0.812452675 0.831051196875 0.8064517 0.84480339375 0.7967466625 0.863296790625 0.7567838359375 0.8728813890625 0.7177524171874999 0.871976790625 0.68973834375 0.8545238 0.66014749375 0.845848403125 0.6560941515625001 0.8440880046875 0.6463575015624999 0.8343768078125 0.640759003125 0.8316584109375 0.6278156078125 0.823216415625 0.6187775140625
8 0.8961786 0.480526796875 0.86758500625 0.5231990453125 0.8395360140625 0.55424020625 0.8150368218749999 0.5568015859375001 0.804314225 0.5728036796875 0.8091286203125 0.6119831375 0.830258009375 0.6577241203125 0.8600383953125 0.6843726953125 0.909605778125 0.6907645984374999 0.9386660078125001 0.68144559375 0.9579125765625 0.445665390625 0.9477443859375001 0.420571765625 0.9349257906249999 0.41033779218750005 0.9210957953125 0.4217044125 0.8961786 0.480526796875
8 0.920356009375 0.24816950000000002 0.9379646015624999 0.27443718125 0.9655955890625 0.299657025 0.9784082078124999 0.0023499093749999997 0.94313301875 0.045720717187499996 0.9090248265625 0.0641677640625 0.896430421875 0.1911467078125 0.920356009375 0.24816950000000002
8 0.645420265625 0.771295478125 0.5984156828125 0.7811701375 0.5525781000000001 0.7661210359374999 0.5294015109375 0.7404354859375 0.514691315625 0.74693378125 0.5037841125 0.8142121281250001 0.488009115625 0.8671183484375 0.48653091406250004 0.8986884453125 0.5060021015625 0.9561769421875 0.6886324375 0.9370830218749999 0.700935434375 0.9109949984375 0.7078260359375 0.8821659374999999 0.7101600390625 0.8323184171875001 0.7046988437499999 0.78328588125 0.6797618546875001 0.7478636796875 0.645420265625 0.771295478125
8 0.2953853859375 0.839307021875 0.2882171953125 0.7557305000000001 0.2799064015625 0.7202234875 0.2375118171875 0.7263092734375001 0.22655581875 0.74729611875 0.1624048375 0.7920324265625001 0.1233510515625 0.7977689328124999 0.1015458609375 0.7901279546875 0.0826146671875 0.7921072031249999 0.0830768625 0.8532365343749999 0.0752282625 0.8788588531249999 0.0746302609375 0.9152972734375 0.1050304375 0.98694748125 0.2283471125 0.9783243390624999 0.2353729984375 0.9613227953125 0.25793179374999997 0.9292021828125 0.2847405890625 0.8536475296875 0.2953853859375 0.839307021875
8 0.354555790625 0.522272171875 0.3164309984375 0.579168503125 0.2863104078125 0.6071193484374999 0.25450721875000004 0.6236719578125001 0.20789163593749999 0.625238696875 0.17016045156249998 0.6027282734375 0.141624865625 0.5494943546875 0.125392278125 0.4701724109375 0.11637667656249999 0.5207184890625001 0.1144316734375 0.5622580921875 0.1245028671875 0.607501753125 0.14778165468749999 0.6546714687499999 0.1749458421875 0.6898608171875 0.2070312296875 0.7146149546875 0.23544021874999999 0.723218959375 0.26884820625 0.7197261671875 0.33468178593750003 0.68638809375 0.372028575 0.646107603125 0.38640317031250004 0.6231098953124999 0.3989395703125 0.59203711875 0.4141455703125 0.527616234375 0.41570157031250005 0.4943845546875 0.40847997812500003 0.4356153671875 0.3955835828125 0.4270429796875 0.3898599859375 0.430948278125 0.3793173859375 0.466772953125 0.354555790625 0.522272171875
8 0.326632025 0.2193033265625 0.3228000265625 0.2064763609375 0.3140468296875 0.204084603125 0.2483688515625 0.23409950624999998 0.19944826875 0.23756068125000002 0.1465156890625 0.2083723078125 0.131625496875 0.1950480203125 0.1142503046875 0.1637955890625 0.10080930937499999 0.1668542890625 0.0888419109375 0.20944172499999997 0.0841251078125 0.26284526874999997 0.0858031 0.3453423375 0.10750148906250001 0.40259798281250003 0.12311628125 0.4241137640625 0.1297200796875 0.42507679062500003 0.1429810765625 0.40219550625 0.145339478125 0.3754937390625 0.1543016765625 0.3497549921875 0.174944471875 0.311220896875 0.23256945468749998 0.2638599765625 0.26079844531249996 0.2526414 0.317358625 0.2516884078125 0.3391638171875 0.2593293859375 0.342971415625 0.2490106015625 0.33776802031250003 0.2181390640625 0.326632025 0.2193033265625
8 0.40755428125000004 0 0.40405321250000004 0.00948806875 0.4043110109375 0.027649065625000004 0.39654021250000004 0.0516098 0.379549415625 0.0831482828125 0.370198215625 0.11719494687500001 0.37037360937499997 0.20811636406249998 0.38419439375 0.3389474109375 0.392971990625 0.36448491875 0.41223878281250004 0.3790050828125 0.43515757187500004 0.386529634375 0.51248714375 0.3916724640625 0.55558193125 0.370632421875 0.60269331875 0.3111430953125 0.6319627125 0.23037083906250003 0.6443191140625 0.1794754828125 0.649269315625 0.1210871875 0.6453107218749999 0.06363030625 0.6321809265625 0.06004266874999999 0.5294429609375 0.10054597968750001 0.4820783796875 0.0707754734375 0.45061539531249994 0.0327286625 0.42976951249999995 0 0.40755428125000004 0