7 0.37274819843749996 0 0.355531121875 0.08094710625 0.40636794531250003 0.1593886109375 0.5340078359375 0.1764301203125 0.5877985812500001 0.15662522343750002 0.66150474375 0.07759614687500001 0.7106739609375 0.050660203125000004 0.7147396203125 0.022665434374999998 0.6942042765625 0 0.37274819843749996 0
7 0.145545540625 0.2024235578125 0.2762346765625 0.198468990625 0.362280803125 0.15133108906249998 0.352942421875 0.05981867656249999 0.2580661203125 0.0119448171875 0.184264634375 0.013723570312499999 0.1064451515625 0.082122253125 0.0972974171875 0.14511048437500002 0.145545540625 0.2024235578125
7 0.273328415625 0.3353405515625 0.42814161406249995 0.3600425203125 0.4993544 0.3371353375 0.5191744953125 0.2006608359375 0.48377454374999995 0.17173959375 0.41815204218749996 0.15615396875 0.372540278125 0.1585944890625 0.2757264703125 0.2019683375 0.2368643875 0.2747928421875 0.273328415625 0.3353405515625
7 0.5347543515625001 0.3660565796875 0.5927060796875 0.3955072359375 0.642939371875 0.4001977640625 0.7710398109375001 0.375114765625 0.8631844281250001 0.2859847109375 0.8282450234375001 0.2149389609375 0.7543958765625 0.17809255156249998 0.6175605890625 0.1854141125 0.5156170421875 0.225156259375 0.49265238125 0.305376515625 0.5347543515625001 0.3660565796875
7 0 0.31360409375 0.0032629531250000002 0.3641134078125 0.0873715734375 0.40822321562499997 0.1908874015625 0.39660819062499997 0.2502684296875 0.3383104859375 0.233259275 0.260663103125 0.153263975 0.2271836875 0.0789542828125 0.2324617859375 0 0.2820002953125 0 0.31360409375
7 0.629344684375 0.182179471875 0.74875793125 0.17796019999999999 0.8077260765625001 0.2004121625 0.8809716921874999 0.1635075953125 0.9013953156250001 0.1007840703125 0.840854890625 0.050204984375 0.7803621234375 0.0382510578125 0.723474471875 0.0404268703125 0.6620129515625 0.0740967984375 0.615432434375 0.12216117343749999 0.629344684375 0.182179471875
7 0.8436850140625 0 0.803930315625 0.031781778125 0.8824009921875 0.0757592328125 0.8993624859375 0.1147814546875 0.9685424421875 0.10587165624999999 0.9885055203125 0.0852726390625 0.9915071046874999 0.0256514 0.955274775 0 0.8436850140625 0
7 0.8472393468750001 0.2399637953125 0.858054690625 0.2823530109375 0.91346538125 0.329300396875 0.9416551046875 0.3299621640625 0.972004675 0.322875284375 0.9837254578125 0.16819747812500002 0.9440054968749999 0.1579647890625 0.846127609375 0.16971216718749998 0.8072178671874999 0.203911509375 0.8472393468750001 0.2399637953125
7 0.5959459703125 0.5290118046875001 0.74461301875 0.5570807671875 0.8276099 0.5309389437500001 0.86702785 0.4932402546875 0.8746509625 0.4407500625 0.8202566875 0.3868039828125 0.666507565625 0.393728484375 0.5942783625 0.423634359375 0.5615624343750001 0.4930918703125 0.5959459703125 0.5290118046875001
7 0.41248250468750003 0.5457725765625 0.46937015468750004 0.5435967640625 0.5421075640625 0.5101915406249999 0.56400815 0.39834481718750003 0.5219538406249999 0.3762899125 0.3866431734375 0.3731134328125 0.3374739578125 0.40004937656250006 0.34782875468749996 0.4845630984375 0.41248250468750003 0.5457725765625
7 0.10396784375000001 0.56662026875 0.21113645 0.6077601406250001 0.2854461421875 0.6024820421875 0.3228312625 0.5787807390624999 0.33137546875 0.44204153125 0.311872934375 0.42051604062500003 0.257526321875 0.405195121875 0.18936277968749998 0.4071062296875 0.106365896875 0.433248053125 0.048557153125 0.51967288125 0.10396784375000001 0.56662026875
7 0 0.7196417828125 0.007805228124999999 0.7223702515625 0.0754605609375 0.7239584921875 0.1518030828125 0.704683009375 0.1932538625 0.652986934375 0.174211875 0.5893369374999999 0.0778109515625 0.5519611156249999 0 0.5627538453125001 0 0.7196417828125
7 0 0.88201941875 0.0126174015625 0.8840019437500001 0.1079065875 0.8511261359375 0.126297384375 0.802399996875 0.099584621875 0.7526150281249999 0 0.7194190171875 0 0.88201941875
7 0.272836275 0.7672160203125 0.4614294796875 0.7540869484375 0.49881460000000005 0.73038564375 0.50592950625 0.681394796875 0.4520434375 0.6239493734375 0.3976968234375 0.6086284546875 0.2526825515625 0.6333143921875 0.21428101718749998 0.6640143875 0.195382015625 0.7162398750000001 0.272836275 0.7672160203125
7 0.173068546875 0.9088362671875 0.23259255781250002 0.966414046875 0.290496625 0.9572395406249999 0.3826412421875 0.8681094859374999 0.3743669390625 0.808223540625 0.30925264218750004 0.78913856875 0.164746578125 0.8103251609375001 0.12019889375 0.84439215 0.12486808437500001 0.8901483578124999 0.173068546875 0.9088362671875
7 0.413324340625 0.8126493609375001 0.3805607515625 0.8434817078125001 0.34890889999999997 0.9445656890624999 0.37867090625 0.9733545781249999 0.43799209687499996 0.9760708906250001 0.5403858484375 0.971301825 0.5932780171875 0.859009175 0.5794134296875 0.8376160359375 0.5050560749999999 0.8042689734374999 0.413324340625 0.8126493609375001
7 0.619434909375 0.873668325 0.715788171875 0.8724189828125001 0.7956881484375 0.8286480765625001 0.7976256546875 0.73740036875 0.7299226609375 0.69718696875 0.5925791640625 0.7080078734375 0.5352309671875 0.7523081953124999 0.53222938125 0.8119294343749999 0.619434909375 0.873668325
7 0.5441564640625 0.9245702781249999 0.5467521453125 0.9710053109375 0.76801625 0.96069976875 0.7568260671875 0.9014725796875 0.6922199796874999 0.8788882625 0.5774282609375 0.8902385828125 0.5441564640625 0.9245702781249999
7 0.7930994499999999 0.8075196468750001 0.8044230000000001 0.8464095125 0.8921367328124999 0.9046490593750001 0.9236932640625 0.7263147562500001 0.8842276531250001 0.7253882843749999 0.8181446031249999 0.75192716875 0.7930994499999999 0.8075196468750001
7 0.8893573874999999 0.7290199828125 0.9257260921875 0.7123173734375 0.9440215656250001 0.5863409093749999 0.8676313812500001 0.5669912312500001 0.79281348125 0.575768678125 0.7334324515625 0.634066384375 0.7268257546875 0.6795578843750001 0.8268317921874999 0.73106344375 0.8893573874999999 0.7290199828125
7 0.4961782390625 0.6706320531250001 0.534119228125 0.6820565640625 0.6981278234375 0.6823954640625 0.7323207140625 0.5638147515624999 0.612351596875 0.5329082109375001 0.49400242499999997 0.568753953125 0.4602224203125 0.6065849953125 0.4669244390625 0.6383438171875 0.4961782390625 0.6706320531250001
7 0 0.9670518640625 0.20389462812499998 0.9692516250000001 0.1833280203125 0.9160996656249999 0.1110034953125 0.86875521875 0.058229164062500005 0.8815614249999999 0 0.9180963140625 0 0.9670518640625
7 0 0.5152733796875 0.0183346 0.5330085 0.0562755875 0.5444330109375 0.0854817265625 0.5380960859374999 0.096154084375 0.4646098140625 0.1407017703125 0.430542825 0.1278535984375 0.40215099531250004 0.0263706 0.3997686359375 0 0.41869802187499994 0 0.5152733796875
7 0.7547455750000001 0.8768448031249999 0.765802440625 0.9608028796875001 0.8904820734375001 0.95499583125 0.8987910937500001 0.8977827218750001 0.8608501046875 0.8863582093750001 0.83159630625 0.8540699734375 0.7547455750000001 0.8768448031249999
7 0.8695212265625001 0.43711836406250004 0.8644868125 0.5107369875 0.9280288234375 0.5016948343750001 0.96103529375 0.46763691874999996 0.9611967890625 0.465505678125 0.958156053125 0.41110889375 0.9007125328125 0.3781588921875 0.8320407843750001 0.38356934374999996 0.8695212265625001 0.43711836406250004
7 0 0.284929590625 0.1153229875 0.215759175 0.1635234484375 0.2344470859375 0.19735111562500002 0.23524120625 0.21116804375 0.21800918125000002 0.21883881718749998 0.2041441515625 0.1921737171875 0.19298434375 0.11938864687499999 0.18776440625 0.1090815125 0.1418758453125 0.0091707953125 0.167620609375 0 0.2307676265625 0 0.284929590625
7 0.033514218750000005 0 0.0101872109375 0.160621915625 0.0926758875 0.13797943906250001 0.1130995109375 0.0752559140625 0.1601882359375 0.0236921953125 0.1581867796875 0 0.033514218750000005 0