8 0.5390892484375 0.6886074765625 0.559690928125 0.715052978125 0.6027945359375 0.735792240625 0.620122428125 0.7379617781250001 0.6582433109375 0.7273922328125 0.710033284375 0.696372778125 0.7446394484375001 0.6529735109375 0.78013490625 0.5721817625 0.7983745109375 0.484115340625 0.7876390390625 0.42481075468749996 0.7736073578125 0.39407369375 0.7529336375 0.3727333296875 0.701792025 0.3578065453125 0.6615051546874999 0.3681048984375 0.6155151578125 0.39814581875 0.566998971875 0.4534412375 0.5451477984374999 0.4899139 0.53203260625 0.5223661953125001 0.518341096875 0.5956595890624999 0.5217117359375 0.6386995890625 0.528619515625 0.6617258265625 0.5390892484375 0.6886074765625
8 0.341003115625 0.835982725 0.30495136875 0.8280594265625 0.2437026171875 0.8374379640624999 0.2069056578125 0.8566968671874999 0.1562955265625 0.9066159562499999 0.13336135625 0.9429530203125 0.3980123015625 0.9760886531249999 0.41365349531250006 0.9752689328124999 0.4117378453125 0.9488269375 0.3993182484375 0.9063586812500001 0.37746468437499997 0.8661186843750001 0.341003115625 0.835982725
8 0.7255353609374999 0.8023015828125001 0.7038506859375 0.7757204843750001 0.67985594375 0.7590784687500001 0.6488341531249999 0.753489665625 0.6122533140625 0.7574331562500001 0.572279415625 0.77118013125 0.523594340625 0.81281665 0.5018152046875 0.844184175 0.48051793125 0.8926592234375 0.4599134125 0.972844553125 0.743857765625 0.9579636609375 0.74970138125 0.9093151578124999 0.7470287234375 0.86806726875 0.73918203125 0.8346951593749999 0.7255353609374999 0.8023015828125001
8 0.873610103125 0.6111608359375 0.8391480203125001 0.64434983125 0.810967775 0.6936678140625 0.7791559296874999 0.8209481828125 0.7814908046875 0.834878275 0.7999016906249999 0.8371834093749999 0.8051005375000001 0.853176803125 0.7897721296875 0.9143322171875001 0.786495628125 0.9557291046874999 0.8613064484375 0.9518084359375001 0.9489849984375001 0.5745707359375001 0.944653025 0.5740283515625 0.915966109375 0.5823696390624999 0.873610103125 0.6111608359375
8 0.813777346875 0.4945674484375 0.7803037953125 0.5858406625 0.7961412609375 0.6423746046875001 0.7997056031249999 0.7229426765625 0.8247089078125001 0.6681127671875 0.8589300578125 0.6263700125 0.919528059375 0.5862250515625 0.9470599421875001 0.5828533046875 0.9683304984375001 0.491336553125 0.976040225 0.3589656625 0.9385577187499999 0.36528945625000003 0.9159837515625 0.37610083437499997 0.861041646875 0.42547753593750004 0.813777346875 0.4945674484375
8 0.820297725 0.44253754062499995 0.8180845109374999 0.471240659375 0.8220314703125 0.47343955781249997 0.843040584375 0.4453850609375 0.9031567218750001 0.388132578125 0.9083307578125 0.3802567984375 0.91039989375 0.3617639546875 0.9080153984375 0.300095515625 0.8874609484375 0.2446757015625 0.8610592890625 0.21920873125 0.823611578125 0.2077012140625 0.8007966812499999 0.20995883124999998 0.7759126453125 0.23070929218749997 0.7515577046875 0.2395929640625 0.7372626703125 0.2531456265625 0.7345675921875 0.264741221875 0.76994616875 0.294741584375 0.7929547671875 0.330012040625 0.815772053125 0.4044670828125 0.820297725 0.44253754062499995
8 0 0.9262555062500001 0.0889586359375 0.9373935765624999 0.088933825 0.913524403125 0.0764421890625 0.8761612859374999 0.04861975625 0.823240921875 0.0125432 0.7914484500000001 0 0.7885597625 0 0.9262555062500001
8 0 0.7909529140625 0.009607190625000001 0.794490284375 0.032831909375 0.8144453265625 0.0694151375 0.887214496875 0.07379672968749999 0.9354952296875 0.15177224218750002 0.9452581562500001 0.16705341875 0.9130770546875 0.169435525 0.8980328359374999 0.22259665312500002 0.846728425 0.22649399531249997 0.8011889765625 0.2527467953125 0.6834409031249999 0.24085629062499997 0.6291058578125 0.2179917734375 0.5836251265625 0.191903084375 0.56160678125 0.137199521875 0.542824584375 0.1150105671875 0.5519794499999999 0.050008553125 0.5966871640625 0.019180460937499998 0.6286264328125 0 0.6634961296874999 0 0.7909529140625
8 0 0.6366947359374999 0.0036583546874999996 0.6522537749999999 0.0356414796875 0.6153449625 0.1232895015625 0.554720734375 0.17573022656249998 0.5544677015625 0.1985923546875 0.523235771875 0.2425604453125 0.4827133828125 0.25514654375 0.4621278765625 0.259766678125 0.4422497109375 0.2559637984375 0.42984053749999995 0.260343 0.4014086109375 0.25420524218749996 0.37506934687500004 0.246383359375 0.3655664125 0.2476824734375 0.3503865953125 0.19868203906249998 0.3118618296875 0.15798534687500002 0.29994752187499996 0.12294455156249999 0.2972649578125 0.089396571875 0.31693064843749996 0.056787506249999994 0.3469422125 0.0113041796875 0.41795983124999997 0 0.44123786249999997 0 0.6366947359374999
8 0.25669375625 0.6856398 0.27452593125 0.6520733765625 0.289205975 0.6368642015625 0.31777122812499997 0.585889703125 0.3628223140625 0.545502909375 0.40342215625 0.5386531812500001 0.49501952656250003 0.5569405093750001 0.49487305781249996 0.490438125 0.4836084953125 0.4430003296875 0.47058776562500004 0.417504 0.44782009843750004 0.39078730625 0.42445129843749996 0.38104253906249996 0.37788259062499996 0.3752119015625 0.3375957203125 0.3855102546875 0.29562472500000003 0.4126449375 0.25444856250000003 0.460335765625 0.2177732640625 0.5222278796875 0.20266097656249998 0.56806788125 0.2348153828125 0.6215306296875001 0.24622402656250003 0.6587581499999999 0.249040765625 0.6897957640625 0.25669375625 0.6856398
8 0.5023571609374999 0.4726232625 0.5156412390625 0.4538298671875 0.5292855203125 0.40951078281250003 0.5557568296875 0.3531599578125 0.5581389375 0.3381157359375 0.5460323109375 0.2990961046875 0.5239626265624999 0.2741715203125 0.49532294062500004 0.25353849687499996 0.4664671359375 0.248220884375 0.4243992890625 0.25659153125 0.38459428125 0.28399740625000003 0.34806306249999996 0.33567924531250004 0.3263087375 0.3909159453125 0.3839955390625 0.37768199375 0.43699016718749994 0.3894313453125 0.46384887656249996 0.4081366625 0.49051627499999995 0.4660265671875 0.5023571609374999 0.4726232625
8 0.537609296875 0.3065650953125 0.5518819078125 0.3458559203125 0.55799485625 0.3483260125 0.583022971875 0.317365275 0.62104700625 0.28803169375 0.681428884375 0.26320214375 0.688600015625 0.2419386578125 0.6957215265625 0.1729368234375 0.6870079609374999 0.12411370625 0.661254665625 0.0527005 0.634467996875 0.02889004375 0.6247210578125 0.027669678125000003 0.617068065625 0.031825642187499996 0.569801375 0.024202893750000003 0.5436654578125 0.031158860937499998 0.5297554359375 0.043055009374999995 0.49077007031250003 0.1148862046875 0.45347121718750005 0.24659372968749999 0.4930849140625 0.258372440625 0.5195586125 0.278734271875 0.537609296875 0.3065650953125
8 0.40283627656250004 0.27264364375 0.453856228125 0.24493721562499998 0.46502155156249997 0.1968983171875 0.460279759375 0.17414327031250001 0.4433120671875 0.14644804375 0.42148331250000004 0.1300772203125 0.38333761875 0.11677759218749999 0.3492357390625 0.12444089843749999 0.3204047421875 0.1429924609375 0.30387168125 0.16137906875000002 0.2962435 0.18940420625 0.278026315625 0.22462714374999998 0.32153974375 0.267579065625 0.34712415 0.3253333734375 0.3624301359375 0.3170214453125 0.40283627656250004 0.27264364375
8 0.24816672343750001 0.44420677656249996 0.25343760937500004 0.4550950328125 0.2812576515625 0.4313027375 0.30628576875 0.40034200000000003 0.320051709375 0.398656128125 0.3292447453125 0.3878741078125 0.354464171875 0.3177287859375 0.32632876875 0.2613597984375 0.2858481984375 0.23413007812500003 0.26024137187499996 0.22921925625 0.2309285140625 0.2306632953125 0.21052053437499998 0.2417458671875 0.17420543593749999 0.278112290625 0.16595131093749999 0.29924018281250003 0.1705242140625 0.3083363296875 0.20929585 0.32853320468749997 0.2288145375 0.354843109375 0.24378513281249997 0.39592604374999996 0.24816672343750001 0.44420677656249996
8 0.1462141140625 0.21153302968749998 0.14638300312500002 0.22519192968750001 0.1527368828125 0.2362157828125 0.1545674765625 0.2858818359375 0.1722803796875 0.2863948609375 0.2253694671875 0.240195590625 0.2869311921875 0.23426567343750002 0.30076917187499996 0.2274746640625 0.3088792171875 0.21655704843749998 0.31626646875 0.17997815 0.309718890625 0.131426225 0.2958312890625 0.09047888750000001 0.257275775 0.0549665984375 0.20606212343750002 0.0451449515625 0.18038325625 0.0453392671875 0.1654622828125 0.051994681249999994 0.14036212812499999 0.0880605546875 0.12392591718749998 0.1252111984375 0.11954671562500001 0.1536431265625 0.1306423859375 0.1874220234375 0.13815129843750001 0.193476334375 0.13800721875 0.203686609375 0.1462141140625 0.21153302968749998
8 0 0.4115143953125 0.007285178125 0.42086606875 0.0225911640625 0.4125541421875 0.057341406250000004 0.358944596875 0.0925735140625 0.322442575 0.1251105390625 0.29753615 0.1489363890625 0.3005192671875 0.16214843125 0.286831009375 0.1648907375 0.24626109999999998 0.1533132046875 0.19537468125 0.12991959687500002 0.1617607390625 0.0838799796875 0.14406331249999998 0.045133153125 0.14773560937500002 0 0.3419213828125 0 0.4115143953125
8 0.311288078125 0 0.3004266140625 0.046731546875 0.2964572328125 0.0973761328125 0.3135938125 0.13873026093750002 0.3507037421875 0.12291998281250001 0.3973444921875 0.12364548125 0.43821007187500005 0.1492186875 0.455490734375 0.1803625390625 0.470724678125 0.17715574843749998 0.49370607812499995 0.11184436874999999 0.5186373421875 0.062119596875 0.5259525546875 0.030645834374999997 0.5221187984375 0 0.311288078125 0
8 0.6894668890625 0.25738966875 0.7310056421875 0.260885809375 0.7453727140625 0.242228009375 0.8148755921875 0.21172158125 0.8531653671875 0.21481093437499998 0.8725151640625001 0.22746194218750002 0.890926046875 0.2297670765625 0.90192248125 0.168069278125 0.914195609375 0.1440351484375 0.9215828593750001 0.10745625 0.9036986796875001 0.0165716671875 0.791067384375 0.0024696593749999997 0.77701328125 0.0245760828125 0.749506209375 0.051817003125000004 0.7098228609375 0.1218560890625 0.696995834375 0.1338878328125 0.6881901953125 0.219726 0.6894668890625 0.25738966875
8 0.530564603125 0.5238871125 0.5473137828125 0.4901850921875 0.5812940046875 0.439888575 0.6282701453125 0.39121921406250004 0.6622031374999999 0.3698970078125 0.6956070359375001 0.36044159374999996 0.740322728125 0.3694496609375 0.7720673125 0.4006997484375 0.7893007421875 0.4608179109375 0.7899290734375 0.5444278171875 0.8079773687499999 0.49554598125 0.8176026468750001 0.45413313750000006 0.8164700359375001 0.40625919374999997 0.8031115249999999 0.35344506875000004 0.7838089593750001 0.3118197484375 0.7578643515625 0.279591128125 0.7324016062500001 0.264470028125 0.699911809375 0.26040214375000004 0.6309380234375 0.27904178281249997 0.5878119953125001 0.3111460078125 0.5698109328125 0.3310535328125 0.5520507984374999 0.35951481875 0.5255074484375 0.420970784375 0.5178072265625 0.4541010609375 0.5136937625 0.5149559218750001 0.524379615625 0.526522159375 0.530564603125 0.5238871125
8 0.5412080031250001 0.7178529796875 0.5403907484375 0.7501403203125 0.5512206828124999 0.75149628125 0.552472565625 0.7652907765625 0.560366490625 0.7696885734375 0.6285702515625 0.7543619609375 0.6758369421875 0.7619847078124999 0.7208183765625 0.8034157125 0.7325151812499999 0.8202226828124999 0.7432258421875 0.85565809375 0.756606771875 0.855628734375 0.775978990625 0.8154362562499999 0.790465334375 0.76269900625 0.8043009265625001 0.6791953375 0.7943354765625 0.616577725 0.783480734375 0.5913525890625 0.7773677859375 0.5888824984375 0.7604497171875 0.6089256187500001 0.7532065453125 0.6352942421875001 0.739850425 0.659192775 0.71296929375 0.69333094375 0.6491943546875001 0.727963978125 0.6201944671875 0.732856640625 0.566116846875 0.7209716937499999 0.5467670499999999 0.7083206859375 0.5412080031250001 0.7178529796875
8 0.3752986984375 0.865847490625 0.398163215625 0.911328221875 0.413133809375 0.95241115625 0.4133027 0.9660700546875001 0.425215625 0.9675616125 0.438186734375 0.9453195937500001 0.44133886406249995 0.926962346875 0.45322697968750003 0.9045847296874999 0.475319084375 0.876665828125 0.49060026093750003 0.8444847265625001 0.5074439015625 0.7528340828125 0.5187509171875 0.61787225 0.51516415625 0.5901476625 0.49952039062500003 0.5711417937500001 0.4790876 0.5583551921875001 0.4063581625 0.5356113453125 0.361354309375 0.5470238265625 0.3053292109375 0.5962649328125 0.26232484375 0.67100236875 0.2410275703125 0.719477415625 0.22538619375 0.7771842062500001 0.2184087609375 0.835975765625 0.230249646875 0.8425724625000001 0.33573223125 0.82509446875 0.3752986984375 0.865847490625