8 0.632190896875 0.68501 0.6557391984375001 0.7120171046875 0.70136279375 0.7338278984375 0.719053803125 0.73640975 0.7563568171874999 0.726701384375 0.8052801 0.6968020687500001 0.835581659375 0.654083459375 0.8628391640625 0.5738813453125 0.8719403031249999 0.4859786609375 0.85487225 0.42624524687500004 0.8374927187500001 0.39508761406250004 0.8144097734375 0.3731992328125 0.7612982734375 0.3570300515625 0.7217838890625 0.366415684375 0.6786024875 0.39546937656250003 0.6355364953125 0.44979394531250005 0.617359034375 0.48586395312499997 0.6075617203125 0.5181061625 0.6014872640625 0.591298146875 0.6094194296875 0.6345458359375 0.6188072296875 0.6578027359374999 0.632190896875 0.68501
8 0.448096934375 0.8281868890625 0.4109304296875 0.8193955515625 0.3501945234375 0.8273676875 0.31514135625 0.8458224109374999 0.2693986328125 0.894705525 0.25011548281249996 0.930614165625 0.52907716875 0.9713262359374999 0.536215428125 0.970868796875 0.5312717359375 0.9430252765624999 0.5142806234374999 0.9001391156249999 0.4880171171875 0.85926693125 0.448096934375 0.8281868890625
8 0.83206480625 0.8034108062499999 0.8074108156250001 0.7762423359375 0.7814761625 0.7589885765625 0.7496246515625 0.7526565187500001 0.7131754156250001 0.7557550765625 0.674339828125 0.768606978125 0.629664321875 0.8092278343749999 0.611021503125 0.8401791187500001 0.5946670000000001 0.8883003875 0.5824035828125 0.967908925 0.8670938781249999 0.9496651421875001 0.8676950187499999 0.91131046875 0.8606550984375 0.8698765984374999 0.8492308953125001 0.836220890625 0.83206480625 0.8034108062499999
8 1 0.587842284375 0.9611473703125 0.6151662250000001 0.9299150968750001 0.647647390625 0.9067130203125 0.6964529171875 0.8880664828124999 0.8233689890625 0.8918873734374999 0.83739543125 0.910684071875 0.8401386499999999 0.9176085828125 0.8563016421875 0.9086054796875 0.917281 0.909364678125 0.94695630625 0.9865213 0.942011884375 1 0.8376616171875 1 0.587842284375
8 1 0.3704099375 0.979080359375 0.380395471875 0.9289148828125 0.428633125 0.8885640953125 0.49682277187499996 0.8644486796875 0.5875850609375 0.8863663718750001 0.64465903125 0.8984482843749999 0.7255515875 0.9178679359374999 0.6711432453125 0.947956053125 0.6300770875 1 0.5945077890625 1 0.3704099375
8 0.8896524078124999 0.44478993281249996 0.8904466187500001 0.47352707968749996 0.8946559281249999 0.47582499375 0.9128718578124999 0.4481786125 0.9674216187500001 0.3921627953125 0.9718058984375 0.3843846328125 0.971942403125 0.36588493125 0.96304105625 0.30397617499999996 0.9364871656249999 0.247909190625 0.9071969796875001 0.2217477078125 0.8682459828125 0.2093287359375 0.8454918890625001 0.211058778125 0.82260129375 0.23128852187499999 0.798993425 0.239628371875 0.7860155515625 0.2528867828125 0.78452144375 0.2644539453125 0.8233359390625001 0.295372621875 0.850239775 0.3312874515625 0.8810799125000001 0.4064995984375 0.8896524078124999 0.44478993281249996
8 0.15210137968749998 0.8085593015624999 0.11239464218749999 0.7758268078125 0.06232260625 0.7634834296874999 0.0738656875 0.904892015625 0.204782271875 0.923998171875 0.20224204218750003 0.900057015625 0.185716284375 0.8622895749999999 0.15210137968749998 0.8085593015624999
8 0.3253729984375 0.6183457234375 0.29753844687500003 0.5721934515625 0.268927059375 0.549498240625 0.211819696875 0.52937869375 0.19042320625 0.538041275 0.12962773593750002 0.5813603656249999 0.10192596875 0.612673178125 0.07829700625 0.6647836078125 0.0657038296875 0.762278275 0.1097563796875 0.7788089796875 0.1352641453125 0.7993676437499999 0.179799428125 0.8732112765625001 0.1893026375 0.9217390515625 0.2689121796875 0.9333573828124999 0.2809208703125 0.9014379046875 0.2817361765625 0.8864044703125 0.32990372031250004 0.836191634375 0.32903256875000003 0.7906072359375 0.34308138125 0.67312178125 0.3253729984375 0.6183457234375
8 0.199055265625 0.540984653125 0.2518763828125 0.5419590328125 0.27162488906250004 0.5111691140625 0.31166419843750004 0.47155524687500006 0.3221787828125 0.45120293125 0.32474010625 0.4313735078125 0.3196000859375 0.4188381484375 0.32101725000000003 0.390423734375 0.3120563375 0.36386193125 0.3031723609375 0.35414738125 0.3028819796875 0.3389525828125 0.24944162812499998 0.2991649765625 0.20717356874999998 0.28626190625 0.1715781046875 0.2827506546875 0.139842003125 0.3016894734375 0.110142303125 0.33102710156250004 0.0717894484375 0.4011919328125 0.039545653125 0.4844542359375 0.0437106984375 0.5354781578125001 0.0659247140625 0.56869625 0.0887731203125 0.636007665625 0.11711522031249999 0.5997374984375 0.199055265625 0.540984653125
8 0.34729069218749997 0.6754196953125 0.3617242015625 0.6421704953125 0.37491551875 0.6272596328125 0.3983310375 0.5768016546875 0.43947603593749995 0.537349153125 0.47966922343749996 0.5314297921875 0.5739046250000001 0.55191705 0.5667492953125 0.48521230156249995 0.5503985140625 0.437368784375 0.5345900265625 0.41149124062500003 0.5088303468750001 0.38416140468750004 0.48425329687499996 0.373840184375 0.43670870624999997 0.366901459375 0.3971943203125 0.3762870921875 0.3577568703125 0.40251997812500007 0.32128653906250004 0.4493891125 0.2908484734375 0.510607425 0.2804492984375 0.5562306203125 0.31848695625 0.6106063546875 0.33390702499999997 0.6482124296875 0.34001623125 0.67940885625 0.34729069218749997 0.6754196953125
8 0.572414240625 0.46751942812499997 0.5838210687500001 0.44898093125000005 0.5929011125 0.404848825 0.613639896875 0.34894939375 0.614455203125 0.33391595937499996 0.5981428890625 0.2944960671875 0.5732754546875001 0.2689800484375 0.5422392484375 0.24761455781250002 0.5125991140624999 0.24160523125000002 0.4710867921875 0.24901568125 0.4338607203125 0.27557129687500004 0.40249194218750006 0.3265521671875 0.386389353125 0.381444609375 0.44312939218749997 0.36952210625 0.4977734671875 0.3825477484375 0.5268117390625 0.40193805468750005 0.5597863140625 0.4606256828125 0.572414240625 0.46751942812499997
8 0.5904415421875 0.3017901328125 0.6089652328125 0.3415327578125 0.6153859171875 0.344153403125 0.6373458000000001 0.31368621406249997 0.672573940625 0.285155415625 0.7308080859375 0.261665746875 0.735794228125 0.240506603125 0.7356999156249999 0.17146514531249998 0.7217739515625 0.12229190937500001 0.6882955515625 0.0500619328125 0.6587919203125 0.025552903125 0.6488407296875 0.0241006109375 0.64156626875 0.028089771875000002 0.5931294359375 0.0193372296875 0.5675236375 0.02570189375 0.55475920625 0.037307853125 0.5230404796875 0.1084408796875 0.49933085781250003 0.2396688421875 0.5404932296875 0.2524105484375 0.569318059375 0.2734533078125 0.5904415421875 0.3017901328125
8 0.4510479046875 0.2646108015625 0.4995443 0.238016390625 0.5057341671875 0.190095284375 0.4985577421875 0.167161115625 0.47853994687499996 0.13898565624999998 0.4548166703125 0.12205462812500001 0.414973428125 0.10782183906250001 0.38141436875 0.11470939531249999 0.3543144625 0.132641225 0.33959056875 0.1506956265625 0.3348563390625 0.17862594375000002 0.32020938593750004 0.21352759687499998 0.368586653125 0.2576270953125 0.4004555390625 0.3161533578125 0.41500445937499997 0.308175034375 0.4510479046875 0.2646108015625
8 0.3132563390625 0.43306475468750005 0.31971549375 0.4441090265625 0.34524435468750003 0.42089710937499997 0.36720423750000003 0.3904299203125 0.38089938125 0.38906140625 0.389027615625 0.3784624359375 0.4070511984375 0.308697928125 0.37275749375 0.2515013828125 0.329093359375 0.2232421484375 0.30277028906250003 0.2177169203125 0.2733820671875 0.2184787671875 0.25398350937499997 0.22911653125 0.221218659375 0.2647412359375 0.215126828125 0.2857390140625 0.2206937359375 0.29496946875 0.26189457968749996 0.3161347984375 0.2843371953125 0.3429805375 0.3037531296875 0.3845369796875 0.3132563390625 0.43306475468750005
8 0.185994240625 0.1973072484375 0.18760375468749999 0.2110109625 0.1951685984375 0.22221660000000001 0.2022469875 0.2720740953125 0.22015144062499997 0.2730034953125 0.26878434218749997 0.2279093828125 0.33019904843750003 0.2234035125 0.3434288359375 0.21691627656249998 0.3504513828125 0.20615594062499998 0.35404145468750003 0.1696406328125 0.3423268671875 0.120790125 0.324016621875 0.0793950515625 0.2814197078125 0.042873554687499996 0.22877356718750003 0.0318230953125 0.202915853125 0.0314165890625 0.188580378125 0.037742459374999995 0.1670858515625 0.07332836875 0.15443683125000002 0.11020520468749999 0.153019665625 0.1386196203125 0.16776093281249999 0.17275942500000002 0.1759661078125 0.1790077078125 0.176896821875 0.18924515 0.185994240625 0.1973072484375
8 0.1737894796875 0.2830733859375 0.19811461875 0.2866234328125 0.20998680468750003 0.27320365625 0.2084753234375 0.2325766140625 0.191445740625 0.18126682656249998 0.1643284609375 0.14700445 0.1160666015625 0.12817582968750002 0.0774059875 0.1309516546875 0.04773731875 0.36064248125 0.05627134375 0.3905091859375 0.068045496875 0.404012740625 0.082594415625 0.3960344171875 0.11196526250000001 0.3430783625 0.14362442343749998 0.30729229375 0.1737894796875 0.2830733859375
8 0.053860179687499996 0.5399979 0.042933153125 0.5259528296875 0.062011596875 0.7596734078125 0.0650250296875 0.7588120046875 0.087880875 0.6341938484375 0.069028334375 0.5708327984375 0.053860179687499996 0.5399979
8 0.32863925312500003 0 0.3240377171875 0.0356244703125 0.325374225 0.0863275875 0.34700153437500003 0.12820676250000002 0.3827335 0.11321831093750001 0.42981273125 0.115038315625 0.47369030624999997 0.1416450984375 0.4943869046875 0.1732868265625 0.5094011796875 0.17042722500000002 0.5256787421875 0.10545870625 0.5455637531249999 0.056169084375 0.5496191828125 0.0247724953125 0.543919453125 0 0.32863925312500003 0
8 0.7382959890625 0.2560241359375 0.7805255796874999 0.26050357968750004 0.7930380984375 0.242126446875 0.859865834375 0.21315653281250002 0.8987783625000001 0.2171518796875 0.9196114609375 0.23029390625 0.938408159375 0.23303712187499998 0.9429885109375 0.171412303125 0.9528242953125 0.1475937171875 0.9564143656249999 0.11107840937499999 0.9288143546875001 0.01950310625 0.81382279375 0.0027210703124999997 0.8019890765625 0.024564471875 0.7771390171875 0.051242659375 0.7445280453125 0.12056186718749999 0.7328693046875 0.13232919062499998 0.7330405578125 0.21821790000000002 0.7382959890625 0.2560241359375
8 0.6062425874999999 0.51959725 0.619570409375 0.48618668437499996 0.6485143703125 0.43653553437500003 0.6907265859375 0.3888207734375 0.7226761328125 0.36822950312499997 0.7553429484375 0.359528128125 0.801354959375 0.369610390625 0.83663894375 0.40169742499999994 0.8603411265625001 0.4623990296875 0.8697847718749999 0.546273759375 0.8828222109375 0.49766839531249996 0.8881583031250001 0.45635709531249996 0.88197215625 0.40831341718749997 0.8629446390625001 0.355028446875 0.839105953125 0.3128265421875 0.809563853125 0.27989388593750003 0.78231006875 0.2641312140625 0.7491394265625 0.25929024375 0.6815944171874999 0.2763702640625 0.6415166375 0.30756050468749996 0.6254736140625 0.327105990625 0.610574746875 0.35523646875 0.59030131875 0.4162546234375 0.5860324453125 0.4493036609375 0.5882996640625 0.510244225 0.6002872625 0.5220953234375 0.6062425874999999 0.51959725
8 0.637407859375 0.714392609375 0.63998655625 0.746757390625 0.6510434375 0.7483710484375 0.6537586421875 0.7622361265625 0.662177259375 0.76683195625 0.729295378125 0.753056840625 0.7777322109375 0.761809384375 0.8274286125 0.8044177953125 0.8409872515625001 0.8215489843749999 0.8555150749999999 0.8573412390625 0.8689967765625 0.8576251750000001 0.8842840609374999 0.8177661687500001 0.8933256343749999 0.7652104359375 0.8984693781249999 0.6817810093750001 0.8818282125 0.6187426921875 0.8682311031250001 0.593187878125 0.8618104171875001 0.5905672328125 0.8468730796875 0.6102740859375 0.84235229375 0.6365519500000001 0.831410821875 0.6602091703124999 0.8079183640625001 0.693819896875 0.7472978671875 0.7270629109375 0.718588446875 0.731291028125 0.662838684375 0.7181040203125 0.642005584375 0.70496199375 0.637407859375 0.714392609375
8 0.48580574062500004 0.8589442 0.5136402906249999 0.9050964718750001 0.5330562249999999 0.9466529124999999 0.534665740625 0.960356625 0.546828309375 0.9621316468750001 0.5575563375 0.94012688125 0.5587985296875 0.92178854375 0.56842086875 0.8996224093749999 0.5877424890625 0.8721373937499999 0.599751178125 0.8402179140625 0.607067828125 0.7486875921875 0.6042409359375001 0.6135868515625 0.5977048421875 0.585695328125 0.5799368921875 0.5662662265625 0.55799810625 0.5529628343749999 0.4823074890625 0.52844761875 0.438156903125 0.5388402421875 0.3868857375 0.5869165265625 0.35142306093750003 0.6608703593749999 0.3350685578125 0.7089916265625 0.325386653125 0.766504715625 0.3245502515625 0.825308728125 0.3371781796875 0.8322024734375001 0.44163778281250005 0.8171426171875 0.48580574062500004 0.8589442