7 1 0.590193421875 0.9891331843750001 0.5986263921874999 0.935412640625 0.5046843828124999 0.9155570015625001 0.4970068625 0.8975781218750001 0.4359292359375 0.8762627828125 0.469785128125 0.8463750609374999 0.46123551875 0.8083395828125 0.4936379265625 0.7782433328125 0.49102166093750005 0.729341659375 0.5462853609375 0.7032225921874999 0.6213839703125 0.6896455234375 0.72137874375 0.6950899749999999 0.8527844171875 0.7652184515625 0.9763331546874999 1 0.9681344015625 1 0.590193421875
7 1 0.2864106890625 0.9872261453125001 0.27112964375000004 0.9857588749999999 0.21743884531250002 0.9516854421875 0.137107703125 0.8720543609375 0.11233096093749999 0.802462934375 0.1836505171875 0.7753012234375001 0.2884158515625 0.7615080546875 0.2991197546875 0.7416599875000001 0.38666644687499996 0.741459028125 0.4878240015625 0.76068908125 0.513301559375 0.7784518625 0.4850883171875 0.80499555625 0.49334723125 0.8564071453125001 0.46210760781250004 0.925172028125 0.509745640625 0.9960297671875 0.5932744390625 1 0.5816792140625 1 0.2864106890625
7 0.7115410265625 0.0983775421875 0.692519503125 0.06696664062499999 0.6691113093750001 0.0649317671875 0.607876165625 0.089365959375 0.5723506031250001 0.1457924453125 0.5771694703125 0.29499815156250003 0.6212749859375 0.37620138125 0.647610153125 0.3903936390625 0.729117990625 0.36177027968750003 0.7656861984375001 0.275677071875 0.7669373703125 0.240077003125 0.7115410265625 0.0983775421875
7 0.6998785640625 0.621093275 0.72913313125 0.5522187062499999 0.723696246875 0.5160372453125001 0.6885801687499999 0.46537282968750004 0.6354927828125 0.4488549984375 0.5215948796875 0.540128884375 0.48732805625 0.656179515625 0.495274853125 0.71638505 0.5452343109375 0.821903053125 0.5914251140625 0.8437728343750001 0.609821053125 0.8929837703124999 0.633437775 0.8890852984375 0.672724425 0.8210828203125 0.6998785640625 0.621093275
7 0.44615707968749996 0.6823578828125 0.43632595625 0.5803282390625 0.35752141718749997 0.436593903125 0.2994217734375 0.4672521359375 0.24174675781250002 0.5812678906250001 0.2352748 0.6699773671875 0.25952468125 0.7435030734375 0.28544278749999996 0.769562021875 0.3255711203125 0.7730503765625001 0.350439015625 0.7335518375000001 0.4283942984375 0.7105711265625 0.44615707968749996 0.6823578828125
7 0.2528214828125 0.55247325625 0.24946988750000001 0.45695834687500003 0.22689580468749998 0.43119009531249997 0.2126780109375 0.3585364765625 0.1437045984375 0.3168317875 0.09584556562499999 0.3424287640625 0.041097520312500004 0.46860190468749996 0.0410688140625 0.46941869374999995 0.0554854 0.6342010265625 0.100471046875 0.6880162421875 0.134953965625 0.6612564796875 0.225868303125 0.65130524375 0.2528214828125 0.55247325625
7 0.2793500375 0.370283746875 0.2670241390625 0.43467845 0.282701634375 0.4657986546875 0.354177390625 0.43630320625 0.327626128125 0.3328200796875 0.337650640625 0.2384679546875 0.37401031875 0.1583080921875 0.37526149062499997 0.122708021875 0.34745905625 0.0548249640625 0.311300334375 0.033827270312500005 0.246721165625 0.057970765625 0.18424241875 0.21322924062499998 0.1861267484375 0.2550533484375 0.234201878125 0.3187472390625 0.2438244734375 0.42671023124999996 0.260336084375 0.43409705625 0.258660284375 0.38633960156249997 0.2661824546875 0.363187615625 0.2793500375 0.370283746875
7 0.43487071562499996 0 0.3875873890625 0.058313318749999996 0.38425092968749996 0.153246834375 0.34496428125 0.2212493125 0.3357738828125 0.291868059375 0.347898821875 0.32863091093749996 0.34560500781250003 0.393897703125 0.3731989140625 0.46771410625 0.42210816093750003 0.5076746203125 0.5023648265625 0.5146513296874999 0.567986640625 0.460841109375 0.5970326765625 0.3978998875 0.5991179640625 0.3385664390625 0.5671373875 0.2941260625 0.5543717218750001 0.08471481875 0.5232252578125001 0.0165410640625 0.5029799984375 0 0.43487071562499996 0
7 0.3980970890625 0.8091124187500001 0.3661240828125 0.8598962546875001 0.3456504265625 0.9652429796875 0.5901815125 0.9745971140625 0.59435965625 0.9511544328125 0.564255834375 0.853313953125 0.5257957296875 0.802358840625 0.4561967328125 0.7784541843749999 0.3980970890625 0.8091124187500001
7 0.2120827046875 0.7572333609374999 0.1633895578125 0.80656371875 0.143541490625 0.8941104078125001 0.1585933984375 0.943030646875 0.3523384828125 0.9658243734375 0.3636141671875 0.8358721796875 0.31198648125 0.7778209375 0.25262809375 0.748855028125 0.2120827046875 0.7572333609374999
7 0.5906003515625 0.982430953125 0.7739928671875 0.9760267453125 0.7239350546875001 0.8910007515625 0.66457666875 0.862034840625 0.601881825 0.9280024453125 0.5906003515625 0.982430953125