7 0.6357946828125 0.7711044890625 0.5043877046875 0.7807943484375001 0.45634416250000004 0.810630409375 0.40461677656250006 0.9010315171875 0.36310161875 0.9367328531249999 0.36667225625 0.964274034375 0.3957723734375 0.9833993781249999 0.523327353125 0.9782019109375 0.6819930546874999 0.9494847312499999 0.71268309375 0.91926608125 0.7076069046875 0.835622521875 0.6357946828125 0.7711044890625
7 0.8831536671875 0.6770065468750001 0.7544246640625001 0.7073522921875 0.6817731390625 0.769829628125 0.71592060625 0.8552583874999999 0.8231659328125 0.8816524546875 0.8959840203124999 0.864949553125 0.95468611875 0.78385636875 0.946652184375 0.7218887125 0.8831536671875 0.6770065468750001
7 0.720110634375 0.57614909375 0.5596323734374999 0.5840537546875 0.4951279875 0.620392521875 0.5125348453125 0.7546557765624999 0.5555555546875001 0.7750568203125 0.6249695640625 0.7765871765625 0.6696090296875 0.7649843734374999 0.753978334375 0.7039096421875 0.7727840328125 0.6265139453125 0.720110634375 0.57614909375
7 0.4521072796875 0.599991478125 0.38654367343749996 0.5836705125 0.3353758234375 0.5894080390624999 0.2149605234375 0.6393896484375 0.14766495468750002 0.7431787609375 0.20167734375 0.8038715546875 0.28504078125 0.82401775625 0.418959178125 0.7892093453125 0.5094105375 0.7305572421875001 0.510416403125 0.6493363109375 0.4521072796875 0.599991478125
7 0.7422072015625 0.5686263671875 0.7802050765625 0.6392645171875 0.868757909375 0.6549480515625 0.94112966875 0.6348025046875 0.9927245765625001 0.5845015499999999 0.9933618031250001 0.5297384109375 0.9805263828124999 0.4937817015625 0.8849988359375001 0.46879024375 0.785341115625 0.500921184375 0.7422072015625 0.5686263671875
7 0.408134059375 0.79469203125 0.29067650624999997 0.8229977375 0.22600555937500003 0.813562065625 0.16328649374999998 0.8636714234375 0.1600489796875 0.9276791171875001 0.23392628593749998 0.9636359484374999 0.29725824375 0.9627436765624999 0.35316915937500004 0.9491008359374999 0.40506310624999997 0.904474165625 0.4382645625 0.8491369625 0.408134059375 0.79469203125
7 0.09197395625 0.9364767046875 0.0777447609375 0.9601926468749999 0.085983825 0.9960222953125 0.2634974921875 0.9887891671875 0.27560800625000004 0.9737090515625001 0.18571618437499998 0.9476975734374999 0.1582636609375 0.9139085281250001 0.09197395625 0.9364767046875
7 0.0859517546875 0.712067184375 0.05777313125 0.71716728125 0.019662051562499998 0.734635359375 0.038407896875 0.8792265562500001 0.102186184375 0.8817769328124999 0.19620817968749998 0.8506660109374999 0.22555922968750003 0.8101194171874999 0.17601013906250002 0.7838531 0.15374700937500002 0.7456013875 0.0859517546875 0.712067184375
7 0.34704024843750003 0.456929984375 0.19175138125 0.46037197656249995 0.1164218765625 0.50219343125 0.08751715625 0.546182671875 0.094212103125 0.597822384375 0.162900015625 0.6382418828125 0.31372558437500003 0.6003734125 0.3773373109375 0.5571493515625 0.39095361562500003 0.48421632187499997 0.34704024843750003 0.456929984375
7 0.52470545 0.4036334734375 0.4687945359375 0.417276315625 0.4056291390625 0.4639430265625 0.4142759671875 0.5751277671875 0.46203973906250007 0.5876234953125 0.597297125 0.5631430281250001 0.63881228125 0.5274416921875 0.605557471875 0.448898228125 0.52470545 0.4036334734375
7 0.8254639312500001 0.32101124062499997 0.707839815625 0.3035425078125 0.6354680578125 0.32368805625 0.60477801875 0.3539067046875 0.6334563265625001 0.4861299203125 0.6586772015625 0.5027057296875 0.7168197640625 0.5062761250000001 0.7840021265625 0.490593240625 0.8593316312500001 0.4487717875 0.8932591859375 0.35454544375 0.8254639312500001 0.32101124062499997
7 0.855427871875 0.3296817328125 0.93817841875 0.30061085 0.9740578515625 0.2659295328125 0.9606679625 0.16265010625 0.8786435125000001 0.152831846875 0.81101481875 0.16507208125 0.7404283796875 0.19898822031250002 0.7133089781249999 0.25674805156249997 0.7495215359375 0.3136156078125 0.855427871875 0.3296817328125
7 0.829207746875 0 0.7442254328125 0.050316943749999996 0.7392025984374999 0.1005540484375 0.779265559375 0.1426309984375 0.90207906875 0.1556370640625 0.9358934140624999 0.149516946875 0.9539730171875 0.11101039374999999 0.9395808265625 0 0.829207746875 0
7 0.603219115625 0.1639236609375 0.4194718578125 0.214797540625 0.3887818203125 0.245016190625 0.395030434375 0.29321325625 0.46416467812500006 0.337075403125 0.522307240625 0.3406457984375 0.6596297125 0.2876041296875 0.6894270921875 0.2505001859375 0.694003596875 0.1968204328125 0.603219115625 0.1639236609375
7 0.5250713484375 0 0.466735946875 0.0899699578125 0.49123072343749996 0.14543490625 0.561091065625 0.1504079109375 0.6988598671874999 0.10080889062500001 0.733846640625 0.059242279687499996 0.7167729078125 0.0165279 0.6638197390625 0.0084948359375 0.6489941765625 0 0.5250713484375 0
7 0.371075465625 0 0.28382799375 0.01384846875 0.2599994625 0.14148126875 0.2795846140625 0.1590770953125 0.3625017234375 0.1757806515625 0.4513343234375 0.149132396875 0.475495978125 0.113048471875 0.47945959218749995 0.0101516328125 0.46174251406250005 0 0.371075465625 0
7 0.230035521875 0.1328107765625 0.1346745375 0.15359375625 0.06721240625 0.211608428125 0.090088425 0.299077225 0.1682624703125 0.32368609375 0.3017345359375 0.2854350375 0.3466537703125 0.231500440625 0.333430440625 0.173995453125 0.230035521875 0.1328107765625
7 0.0471275703125 0.0566892875 0.0860181046875 0.13421273125 0.1563247765625 0.1426283828125 0.26725394375 0.108457403125 0.29096926875 0.0689308296875 0.2725565453125 0.0158885078125 0.0471275703125 0.0566892875
7 0 0.329476203125 0.007337878125 0.32814810781250003 0.0657602078125 0.2893867125 0.07552610781249999 0.23124429375000002 0.053709307812499996 0.1964352296875 0 0.1767448359375 0 0.329476203125
7 0 0.4735096171875 0.06687278437500001 0.47592711093749995 0.1387982125 0.45233891562500006 0.18193212812499998 0.38463373125 0.1761298421875 0.33987931250000003 0.0628024640625 0.3110626171875 0.001255825 0.3257254796875 0 0.3266532859375 0 0.4735096171875
7 0.407640871875 0.3015011609375 0.3668518125 0.298313353125 0.203862134375 0.33133656718750004 0.20213017031249997 0.4514466421875 0.3296867453125 0.4565473921875 0.43749160624999994 0.3982778796875 0.4607606015625 0.3553086609375 0.4454721859375 0.3263648703125 0.407640871875 0.3015011609375
7 0.6489208875 0 0.6516556312499999 0.00364958125 0.7363580578125 0.0341237265625 0.785294259375 0.0111729609375 0.7967546359375001 0 0.6489208875 0
7 0.9196524875 0.33567475468749997 0.878863428125 0.33248695 0.851577465625 0.3444723421875 0.8609503890625 0.41676794062500006 0.825963615625 0.4583345546875 0.8464414265625001 0.48281567656249996 0.9478844656250001 0.46445532500000003 0.9932500281250001 0.41396337812499995 0.9757299640625 0.36780635 0.9196524875 0.33567475468749997
7 0 0.1784572875 0.024638026562500002 0.19465003125 0.0947781359375 0.15729124375 0.053655953125 0.0625545625 0 0.0690949578125 0 0.1784572875
7 0.0246315296875 0.5505175890625 0.0009162046875 0.5900441625 0.0193289265625 0.643086484375 0.08533886406249999 0.662850096875 0.152074896875 0.6437245703125 0.10029415625 0.6002450109375 0.08528550781250001 0.5289694328125 0.0246315296875 0.5505175890625
7 0.813739653125 0.675476190625 0.8098892484375 0.6902668000000001 0.8394068593749999 0.6954946453125 0.9131176078125 0.6856770390625 0.935827065625 0.7273713984375 0.9913766562499999 0.70034148125 0.992772590625 0.580375234375 0.90954696875 0.6581358578125001 0.8565938015624999 0.6501027968749999 0.8227794546875 0.6562229140625 0.813739653125 0.675476190625
7 0.93470799375 0.896698559375 0.952061496875 0.8970811484375 0.989180625 0.8890679328125 0.9912822312499999 0.7084563265625 0.95318056875 0.7277539859375 0.9499430546875001 0.7917616828125 0.9171879281249999 0.8505415328125 0.93470799375 0.896698559375