7 0.5070048500000001 1 0.6617887453125 0.971140296875 0.69236136875 0.940777125 0.6867877515624999 0.8572579687499999 0.614461796875 0.7932314203125 0.48285962812500005 0.8036757937499999 0.434898034375 0.8337579015625 0.383598678125 0.92435785 0.3422121703125 0.9602605515624999 0.34595023281250004 0.98774970625 0.364886071875 1 0.5070048500000001 1
7 0.8617458953125 0.69779919375 0.732947271875 0.728860434375 0.660520884375 0.7916901625 0.6952318703125 0.8768231406250001 0.80283650625 0.9025625343750001 0.875696675 0.8854543734375 0.9340383718749999 0.8041111640624999 0.92562773125 0.7422605671875 0.8617458953125 0.69779919375
7 0.6978025062500001 0.5980058828125 0.5370629640625 0.6068364359375 0.4726469125 0.64350976875 0.4908699671875 0.777519396875 0.534092028125 0.7976466984374999 0.6036479124999999 0.798770953125 0.648305225 0.786921259375 0.7324800140625001 0.7254242875 0.7508704578125001 0.6480067890625001 0.6978025062500001 0.5980058828125
7 0.429424853125 0.62338246875 0.36364050625 0.6074619421875 0.3124081078125 0.6134910390625 0.1920536015625 0.6641174515625 0.12523430468750002 0.7681809125 0.17970403125 0.82849025 0.26334460625 0.8481279859375 0.39731654375000003 0.8125789078125001 0.4875991625 0.7534663875 0.488133375 0.67233168125 0.429424853125 0.62338246875
7 0.7198975328125 0.5903629671874999 0.7583800609375 0.6606996734374999 0.84719395 0.6758495703125 0.919586859375 0.655305265625 0.96475881875 0.6108855390625 0.9687155546874999 0.542951 0.9582367765625 0.5142148468750001 0.86238054375 0.489808209375 0.7627192921875 0.5224832703125 0.7198975328125 0.5903629671874999
7 0.386502659375 0.8181184390625 0.2689851796875 0.8470762921875 0.204135346875 0.8380280546875 0.141588328125 0.8884459640625 0.1387178265625 0.9523999484375001 0.21294628906250002 0.9878856468749999 0.276394346875 0.9866254515625 0.3323328015625 0.9726723734375 0.3840659359375 0.9277939953125 0.41700832656250003 0.87232611875 0.386502659375 0.8181184390625
7 0.2529394515625 1 0.2547665765625 0.9977045140625 0.1645509140625 0.9722461859375 0.1368487953125 0.9386553703124999 0.0705637125 0.9615841265625 0.0564455453125 0.9853560734375 0.05991334375 1 0.2529394515625 1
7 0 0.7829219921874999 0.0165612453125 0.90471093125 0.080476559375 0.9068868796875 0.174497240625 0.8752635140624999 0.203668090625 0.8345919109375 0.15387094375000002 0.8086440156249999 0.1313421359375 0.7705653625 0.0632215015625 0.737464115625 0.03501864375 0.7427225843749999 0 0.7589713578125 0 0.7829219921874999
7 0.3233224265625 0.48109523125000003 0.167756196875 0.48543794531250006 0.0925262625 0.5276508093750001 0.06382266875 0.5717585578125 0.0708315375 0.623300721875 0.1398866859375 0.6632742609375 0.29078033593749997 0.624570103125 0.3542618734375 0.58102448125 0.36747900312500004 0.5080948203125 0.3233224265625 0.48109523125000003
7 0.501017159375 0.42682417343749995 0.4450787046875 0.440777253125 0.3820644265625 0.48775901875 0.39137610624999997 0.5987673296875 0.43930422187499996 0.6109706484374999 0.57467793125 0.5857300046875 0.6160644390625001 0.549827303125 0.58228796875 0.4715666109375 0.501017159375 0.42682417343749995
7 0.801869946875 0.34254356874999997 0.6839186859375 0.325779853125 0.6115257734374999 0.34632415625 0.5809531515625 0.376687328125 0.610457346875 0.5085935703125 0.635823178125 0.5250036625 0.694097921875 0.5282313046875 0.7613175203125 0.5121748375 0.8365474546874999 0.4699619734375 0.8699905812500001 0.37564481875 0.801869946875 0.34254356874999997
7 0.8319418328125 0.3510296796875 0.914681371875 0.3215097 0.9504273078125 0.286658690625 0.9364095750000001 0.1835743609375 0.854170771875 0.1742450609375 0.7864839171875 0.1868653828125 0.7159600375 0.2211542640625 0.689125475 0.27900658906250003 0.7257389734374999 0.33559872031250004 0.8319418328125 0.3510296796875
7 0.911511 0.17060041406249998 0.9294007078125001 0.132032196875 0.91351394375 0.015203290625 0.8044740593749999 0.0214408890625 0.7188974953125 0.07262942812499999 0.7141579609375001 0.12283883437500001 0.7545429984375 0.1646346953125 0.8776675734375001 0.17691057500000001 0.911511 0.17060041406249998
7 0.5782835171875 0.186928759375 0.3944809546875 0.23881536718750002 0.3639083296875 0.2691785390625 0.37044994062500003 0.3172845578125 0.43997234843750005 0.360694240625 0.49824709062499994 0.36392188281250004 0.635523309375 0.31014038906249997 0.66516141875 0.27290493125 0.6694336937500001 0.219259378125 0.5782835171875 0.186928759375
7 0.535995971875 0.17367375000000002 0.673739446875 0.1233284015625 0.70855086875 0.0816051046875 0.6911953750000001 0.0390386140625 0.6380939453125001 0.031323134375 0.5885883140625 0.0034243062499999997 0.525707671875 0.0030584781250000003 0.5079270265625 0.0097905140625 0.4411077328125 0.1138539765625 0.46597282656249994 0.1691133484375 0.535995971875 0.17367375000000002
7 0.41580885468749995 0.012873034375 0.25740560156250003 0.038884307812500005 0.234275625 0.1665112125 0.2540008859375 0.18397299843749998 0.33717420468750003 0.20017458906250002 0.4260215703125 0.173039059375 0.4500191078125 0.1368552921875 0.4533903453125 0.0340520265625 0.41580885468749995 0.012873034375
7 0.2042037390625 0.1580251015625 0.10878128437500001 0.1793400375 0.041528209375 0.237681928125 0.064958053125 0.3249182953125 0.143425315625 0.349043865625 0.2769299953125 0.3100586453125 0.32162078437499997 0.25592352812499997 0.30803683125000003 0.198560765625 0.2042037390625 0.1580251015625
7 0.020501609375 0.083055434375 0.059918653125 0.16026443125 0.1304090546875 0.1682609734375 0.241351446875 0.13348252656249998 0.264881725 0.0938626171875 0.246124459375 0.04098769375 0.020501609375 0.083055434375
7 0 0.342527340625 0.0405267359375 0.315380490625 0.0499723265625 0.2572471 0.0279107765625 0.2226045953125 0 0.21258700625000002 0 0.342527340625
7 0 0.5004116421875 0.042729114062500004 0.5017029156249999 0.1146547671875 0.477722465625 0.157476528125 0.4098427703125 0.151402175 0.3651728953125 0.037689714062500004 0.33704904999999996 0 0.3462327875 0 0.5004116421875
7 0.38313285625 0.32548960625 0.342247084375 0.3225430265625 0.17913777343749998 0.3564782828125 0.1781028234375 0.476462271875 0.30593345312500003 0.48081416718750003 0.4136050453125 0.4219827109375 0.436668065625 0.37892665625 0.42118160312499997 0.3501047421875 0.38313285625 0.32548960625
7 0.7890030703125 0.0045902859375 0.6083690484375001 0.0035393875 0.6258782875 0.026554231249999997 0.7109206359375 0.05650039999999999 0.759816746875 0.03329058125 0.7890030703125 0.0045902859375
7 0.8963244046875 0.356641771875 0.8554386328125 0.3536951953125 0.8281702921875 0.36582595156250003 0.8379827046875 0.43798498124999996 0.8031712859375 0.4797082796875 0.8238310609375 0.5040423546875 0.92536134375 0.48511187187499993 0.9705193921875 0.4344128984375 0.952696640625 0.3884102625 0.8963244046875 0.356641771875
7 0 0.220330259375 0.0688300296875 0.183265746875 0.0270766953125 0.08887602812499999 0 0.092326378125 0 0.220330259375
7 0 0.6700982890625 0.06232046249999999 0.6883064 0.129072803125 0.668813790625 0.076939365625 0.6256851718750001 0.0614863796875 0.5545778359375 0.0008418703124999999 0.5764548984375 0 0.5778724265624999 0 0.6700982890625
7 0.792190009375 0.6966749375 0.7884184703125 0.711471209375 0.8180230999999999 0.716521175 0.8918177843749999 0.706285303125 0.9148138484375 0.7478000984375 0.9580234578125 0.7265272171875 0.9650271453125001 0.6062785546875 0.8880797203125 0.6787961484375 0.8349782921875001 0.6710806687499999 0.8011348640625 0.6773908296875 0.792190009375 0.6966749375
7 0.9146799375000001 0.9169418015625 0.9320689078125 0.9172228640625001 0.9471105890624999 0.913893934375 0.9575235484375 0.735110340625 0.9322028187500001 0.7480811609375 0.9293323171875001 0.8120351484375 0.8968571843750001 0.8709391671875 0.9146799375000001 0.9169418015625