7 1 0.4753707203125 0.9954336156249999 0.4697816375 0.9879798140625 0.422991253125 0.97100918125 0.4445954515625 0.9010301828125 0.3683605921875 0.88033265 0.36656959843750003 0.8512495921875001 0.312139421875 0.837074134375 0.3512900140625 0.8064936984375001 0.351527921875 0.775846734375 0.394060015625 0.7461980234375 0.40014672031250004 0.7093950578125 0.4681029078125 0.6984473734375001 0.548871384375 0.704403796875 0.6503298515625 0.734784653125 0.776974503125 0.8460921906250001 0.8990855359375001 1 0.8674891718750001 1 0.4753707203125
7 0.8163766015625 0.3494990203125 0.8920790046875 0.3762382921875 0.9766660578125 0.43739405312499996 0.9904754421874999 0.3318777828125 0.9792947406250001 0.2616922078125 0.9258537765625 0.1397816609375 0.90658709375 0.125616771875 0.8949072687499999 0.073653890625 0.8465575265625 0.0050588234375 0.764699121875 0.00374364375 0.7109255234375 0.09330402812500001 0.7046364656249999 0.2033164953125 0.6933227109375 0.21771929218750002 0.6908270796875 0.308832765625 0.7099607109375 0.4075860265625 0.7334534171875 0.42692341562499997 0.7452662984375 0.39429792343750003 0.7725524328125 0.3947363140625 0.8163766015625 0.3494990203125
7 0.6065726609375 0.036206071875 0.5821482265625 0.0110198875 0.55908811875 0.015753990625 0.5044493218749999 0.057171390625 0.4808235609375 0.122422375 0.513999590625 0.2666134203125 0.572232234375 0.3331795859375 0.6004500953125 0.339466775 0.6739229765625 0.28814277499999996 0.6928901109375001 0.19364779999999998 0.6872997609375 0.15855501249999998 0.6065726609375 0.036206071875
7 0.695153071875 0.549547684375 0.7103267828125001 0.47395170468750003 0.698147828125 0.44021151875 0.6544567140625001 0.40086044374999996 0.5998844421875 0.39998365625 0.507011828125 0.5217311390625 0.49599761875 0.644793803125 0.5151977734375001 0.7012528796875 0.5837459203125 0.789861634375 0.6326613140624999 0.7979398203125 0.6598809218749999 0.8406724000000001 0.68200930625 0.8300894968750001 0.70706591875 0.7524646171875 0.695153071875 0.549547684375
7 0.461124628125 0.6821534 0.43210809843750003 0.5854290390625 0.3283208890625 0.4678142 0.27790811875 0.5144040984375 0.2438337984375 0.642200865625 0.254515375 0.7306091343750001 0.2920504859375 0.7953843046875 0.32213179687500004 0.813369090625 0.3616634109375 0.8052534843749999 0.3782014453125 0.75957779375 0.44931174843750005 0.714778890625 0.461124628125 0.6821534
7 0.2007748640625 0.500038721875 0.1731226578125 0.43323465 0.09835197968750001 0.412344175 0.056890385937499996 0.45105637187500003 0.027973820312499998 0.5898744359375 0.050335221875 0.7302455828125 0.12740195 0.786905146875 0.1556863359375 0.7508981515625 0.2418372953125 0.71509164375 0.24905807656249998 0.6109279734374999 0.2275618734375 0.5186998093749999 0.2007748640625 0.500038721875
7 0.23994040625 0.4255574375 0.240306478125 0.491923115625 0.26143661093750004 0.5177856015625 0.3250265859375 0.46849050156249994 0.27953854843750003 0.3751476421875 0.2712195484375 0.28021427499999996 0.2911184109375 0.1915680984375 0.2855280609375 0.1564753125 0.245630371875 0.098225240625 0.20659788125 0.088118153125 0.148664784375 0.13021185468750002 0.11781824062499999 0.2996265078125 0.12763461874999998 0.33989179062499997 0.1863663875 0.3882352609375 0.2163146453125 0.4908084203125 0.233717878125 0.4932757171875 0.222969775 0.447161634375 0.22583147656250002 0.422413840625 0.23994040625 0.4255574375
7 0.32947430624999996 0 0.2851619875 0.090109634375 0.3000695890625 0.1836904 0.2750129765625 0.26131528125000003 0.2796050765625 0.33285345624999996 0.29837263125 0.365241040625 0.30862160781250003 0.4295778171875 0.34945102031249997 0.4936766875 0.404455890625 0.518624965625 0.48351912031250005 0.502393753125 0.53679359375 0.4310560625 0.5528990265625 0.36130888125 0.5435817765625 0.30282090156249997 0.5041166875 0.268642321875 0.4517405015625 0.0679922 0.4085485109375 0.0104184296875 0.3855784140625 0 0.32947430624999996 0
7 0.5611849375 0.7763730453125001 0.4892094359375 0.7730289625 0.43879666562499997 0.819618859375 0.4175334796875 0.8783447453125 0.41778269375 0.9687472546875 0.5226094953125 0.9601903187499999 0.6564535671875 0.9259370718750001 0.65602096875 0.90186558125 0.6081703546874999 0.8150478203124999 0.5611849375 0.7763730453125001
7 0.24872544375 0.8223989046875 0.21099075156249997 0.8845062953125 0.2084951234375 0.9756197656250001 0.21388098437499997 0.98539160625 0.4225714515625 0.9683563515625 0.41051227656249994 0.85562585625 0.3494179328125 0.813807484375 0.286393609375 0.802585703125 0.24872544375 0.8223989046875
7 0.7700237140625 0.8059805843750001 0.7069993921875 0.7947588031249999 0.6588826703125 0.8771177874999999 0.65831701875 0.93763466875 0.85597509375 0.897056634375 0.7700237140625 0.8059805843750001