7 0.8732425078125001 0.3226299984375 0.852402034375 0.3233945078125 0.8189038703125 0.27323680625 0.8079082671875 0.3136074734375 0.7773507609375 0.31758324375 0.750160103125 0.363306015625 0.7210090078125 0.3729398078125 0.6897269609375 0.4445059359375 0.6853372156249999 0.5255531828125 0.6995291531250001 0.6249508328125 0.74018720625 0.74621606875 0.8613943328125 0.8531072328124999 0.9948183921875 0.8090135296875 0.9970114953125 0.4320511390625 0.975867953125 0.41117075937500003 0.9646166734375001 0.365906578125 0.9494018390625 0.389303175 0.8732425078125001 0.3226299984375
7 0.6972804703125 0 0.6608317312499999 0.0744409421875 0.6634740359375 0.1837783015625 0.6533308140625 0.1993760328125 0.6582319109375 0.28959848125 0.6853798921875 0.3847144453125 0.7104395968749999 0.4009240078125 0.7196025984375 0.3672817859375 0.7469210937499999 0.3643764375 0.7870677921875 0.3143719796875 0.8649318859375 0.3314992859375 0.9544734500000001 0.381504309375 0.959715575 0.2756841296875 0.9428386546875 0.2077878578125 0.879507528125 0.09401557187500001 0.8590932453125 0.0823936125 0.8431965453125001 0.0325418296875 0.8147986921875001 0 0.6972804703125 0
7 0.551856103125 0.0308584484375 0.5253899890625 0.0089908640625 0.502716915625 0.016483814062499998 0.45144677343749995 0.064041515625 0.43312076875 0.13132595625000001 0.47799804999999995 0.26956525937500003 0.541627528125 0.3281336546875 0.5703524343749999 0.3308863265625 0.639650228125 0.27124807500000003 0.650944184375 0.1756735203125 0.642505725 0.1417253828125 0.551856103125 0.0308584484375
7 0.6820982046874999 0.526623603125 0.6911333703125 0.4501639578125 0.6762168875000001 0.418356665625 0.6293364921875 0.3848671203125 0.5746995015625 0.39067781875 0.49172112187500006 0.5221881140625 0.49069822500000004 0.6449823609374999 0.5144793578125 0.6983513234375 0.590212496875 0.777410965625 0.6397778765625 0.779399134375 0.6704632203124999 0.8182407875000001 0.691729884375 0.8050898125 0.71048208125 0.72541890625 0.6820982046874999 0.526623603125
7 0.45886214843750006 0.6861175312500001 0.4219971375 0.5942128328125 0.3086744390625 0.490838846875 0.26204972031249996 0.5429841484375 0.2383537484375 0.6732713453125 0.2562108890625 0.7592121078125 0.29899989374999997 0.8185450078125 0.33053761875 0.8326137265625 0.369405746875 0.8197686703124999 0.3822339515625 0.7726695593749999 0.4496991453125 0.719759753125 0.45886214843750006 0.6861175312500001
7 0.183759434375 0.5382433078125 0.1506874625 0.4756991421875 0.0742297796875 0.4642298546875 0.03591568125 0.5075058703125 0.0182715421875 0.6480386921875 0.05202538125 0.7838312375 0.1336825140625 0.8303190796875001 0.15904057031250002 0.7913247515624999 0.24227462656249998 0.7454493046875 0.24103873125000003 0.64176996875 0.21205815 0.5533824468749999 0.183759434375 0.5382433078125
7 0.21687408437500003 0.45994873593749996 0.2226275625 0.5253982484375 0.24585466562499997 0.5483362546875 0.30543542968750004 0.4919092671875 0.2523753640625 0.405356675 0.23635082500000001 0.31268746875 0.2490511921875 0.2227709375 0.24061273125 0.1888228 0.195991125 0.1362183421875 0.156142778125 0.1310189125 0.1016336265625 0.1796470328125 0.084543515625 0.3506108109375 0.09762739687500001 0.38914654843749996 0.1602766578125 0.42967045312499996 0.198548078125 0.5272331765625 0.21614954218750002 0.5275390921875001 0.20165924999999998 0.4833453328125 0.2025116328125 0.4585723984375 0.21687408437500003 0.45994873593749996
7 0.3889251640625 0.5316686671874999 0.46666141874999995 0.5059785515625 0.51413851875 0.42906031718750004 0.5245800953125 0.35825869374999997 0.5105159953125 0.30167846875 0.46828101875000006 0.27277652343750003 0.3996226046875 0.0811682578125 0.3517619875 0.029634221875 0.2947383671875 0.011742409375 0.27347170468750004 0.02489338125 0.234859253125 0.12337328593750001 0.2573618125 0.21390165 0.238609615625 0.2935725578125 0.249008515625 0.363609675 0.2704030171875 0.3932761234375 0.2858735265625 0.455514371875 0.33190154375 0.5137768515625 0.3889251640625 0.5316686671874999
7 0.566559203125 0.766859428125 0.49432075 0.7723642093749999 0.4476960296875 0.8245095109375 0.43120262499999995 0.8850655078124999 0.437899659375 0.963779659375 0.5355230343749999 0.9558107328125001 0.67395790625 0.9028052109375 0.671571278125 0.8791026984375 0.6166786109375 0.79927855 0.566559203125 0.766859428125
7 0.257872975 0.8505049765624999 0.225184515625 0.9164130828125 0.22868529999999998 0.9808576765625 0.4416524953125 0.9634733171875001 0.4223379734375 0.8635038390625001 0.3578561140625 0.8297083796875 0.2939282828125 0.8263438750000001 0.257872975 0.8505049765624999
7 0.7777767609375 0.770530409375 0.7138489296875 0.76716590625 0.6724236593749999 0.854329765625 0.6767707265625 0.9141212578125 0.8711113640624999 0.84989596875 0.7777767609375 0.770530409375